SIMILARITIES
--------------------------------------------------------------------------------

Measure:                                CORRELATION
Variables are:                          COLUMNS
Input dataset:                          2007_joinedrows-nrm (C:\Users\Dhruval\Documents\UCINET data\2007_joinedrows-nrm)
Similarity matrix:                      2007_joinedrows-nrm-Sim (C:\Users\Dhruval\Documents\UCINET data\2007_joinedrows-nrm-Sim)


                            1      2      3      4      5      6      7      8      9     10     11     12     13     14     15     16     17     18     19     20     21     22     23     24     25     26     27     28     29     30     31     32     33     34     35     36     37     38     39
                       austra austri belgiu brazil canada  chile  china czechi denmar estoni finlan france german greece hungar icelan  india irelan israel  italy  japan latvia lithua luxemb mexico nether new ze norway poland portug rep. o slovak sloven  spain sweden switze turkey united    usa
                       ------ ------ ------ ------ ------ ------ ------ ------ ------ ------ ------ ------ ------ ------ ------ ------ ------ ------ ------ ------ ------ ------ ------ ------ ------ ------ ------ ------ ------ ------ ------ ------ ------ ------ ------ ------ ------ ------ ------
    1       australia   1.000 -0.162 -0.230  0.599 -0.152  0.426 -0.092 -0.088 -0.010  0.067 -0.107 -0.241 -0.221  0.043  0.006  0.060  0.605  0.023 -0.117 -0.273  0.090  0.061  0.057 -0.005 -0.181 -0.122  0.150 -0.069 -0.132 -0.022  0.163  0.004  0.041 -0.108 -0.155 -0.116  0.013 -0.223  0.201
    2         austria  -0.162  1.000  0.214 -0.283 -0.565  0.041 -0.257  0.785  0.331  0.305  0.568  0.487 -0.022  0.365  0.525  0.342 -0.262  0.263 -0.153  0.397 -0.197  0.304  0.309  0.535 -0.535  0.098  0.244 -0.097  0.858  0.309 -0.210  0.518  0.436  0.316  0.659  0.826  0.544 -0.049 -0.108
    3         belgium  -0.230  0.214  1.000 -0.227 -0.149 -0.192 -0.001  0.025 -0.108 -0.254  0.064  0.213  0.391 -0.240 -0.161 -0.229 -0.244 -0.163 -0.288  0.557 -0.155 -0.257 -0.252 -0.094 -0.194  0.084 -0.298  0.113  0.188 -0.140 -0.238 -0.172 -0.219  0.412  0.140  0.172 -0.099  0.416 -0.126
    4          brazil   0.599 -0.283 -0.227  1.000  0.165  0.316  0.004 -0.294 -0.160 -0.170 -0.327 -0.158 -0.191 -0.173 -0.223 -0.172  0.710 -0.116 -0.034 -0.283  0.045 -0.177 -0.168 -0.272  0.099 -0.104 -0.061 -0.193 -0.304 -0.208 -0.001 -0.244 -0.205 -0.076 -0.307 -0.322 -0.173 -0.201  0.162
    5          canada  -0.152 -0.565 -0.149  0.165  1.000 -0.303  0.323 -0.650 -0.586 -0.614 -0.611 -0.213 -0.070 -0.646 -0.698 -0.640 -0.020 -0.591 -0.046 -0.157 -0.016 -0.612 -0.608 -0.737  0.962 -0.123 -0.590 -0.104 -0.675 -0.586  0.044 -0.662 -0.671 -0.330 -0.570 -0.672 -0.721  0.123 -0.164
    6           chile   0.426  0.041 -0.192  0.316 -0.303  1.000 -0.085  0.080  0.103  0.216  0.066 -0.240 -0.128  0.229  0.182  0.227  0.269  0.143  0.030 -0.190  0.437  0.209  0.212  0.212 -0.321 -0.243  0.313 -0.188  0.039  0.136  0.303  0.172  0.230 -0.009  0.036  0.098  0.175 -0.333  0.169
    7           china  -0.092 -0.257 -0.001  0.004  0.323 -0.085  1.000 -0.454 -0.525 -0.597 -0.391  0.006  0.160 -0.571 -0.602 -0.596  0.279 -0.553  0.423  0.114  0.246 -0.602 -0.599 -0.590  0.168 -0.153 -0.514 -0.216 -0.469 -0.518  0.057 -0.572 -0.590 -0.242 -0.319 -0.396 -0.460 -0.077 -0.010
    8         czechia  -0.088  0.785  0.025 -0.294 -0.650  0.080 -0.454  1.000  0.553  0.651  0.694  0.181 -0.139  0.671  0.827  0.674 -0.246  0.542 -0.006  0.170 -0.207  0.651  0.652  0.782 -0.559  0.000  0.571 -0.024  0.861  0.585 -0.146  0.759  0.729  0.216  0.683  0.833  0.726 -0.115 -0.117
    9         denmark  -0.010  0.331 -0.108 -0.160 -0.586  0.103 -0.525  0.553  1.000  0.763  0.643 -0.019 -0.242  0.770  0.761  0.777 -0.196  0.795  0.097 -0.163 -0.185  0.771  0.766  0.736 -0.475  0.026  0.738  0.200  0.580  0.644 -0.090  0.702  0.751  0.200  0.413  0.509  0.676 -0.130 -0.091
   10         estonia   0.067  0.305 -0.254 -0.170 -0.614  0.216 -0.597  0.651  0.763  1.000  0.632 -0.237 -0.301  0.985  0.947  0.990 -0.127  0.842  0.228 -0.328 -0.138  0.995  0.994  0.940 -0.462 -0.135  0.935  0.092  0.541  0.845  0.025  0.909  0.982  0.098  0.480  0.565  0.837 -0.215 -0.073
   11         finland  -0.107  0.568  0.064 -0.327 -0.611  0.066 -0.391  0.694  0.643  0.632  1.000  0.122 -0.037  0.623  0.687  0.650 -0.231  0.507  0.023  0.118 -0.182  0.632  0.628  0.736 -0.533 -0.048  0.529  0.039  0.685  0.610 -0.112  0.671  0.666  0.146  0.690  0.668  0.670 -0.066 -0.136
   12          france  -0.241  0.487  0.213 -0.158 -0.213 -0.240  0.006  0.181 -0.019 -0.237  0.122  1.000  0.260 -0.159 -0.062 -0.191 -0.170 -0.036 -0.243  0.381 -0.193 -0.230 -0.229 -0.062 -0.255  0.407 -0.245  0.017  0.325 -0.002 -0.276 -0.098 -0.139  0.182  0.247  0.265  0.097  0.167 -0.122
   13         germany  -0.221 -0.022  0.391 -0.191 -0.070 -0.128  0.160 -0.139 -0.242 -0.301 -0.037  0.260  1.000 -0.263 -0.208 -0.293 -0.066 -0.216 -0.073  0.399 -0.028 -0.305 -0.301 -0.177 -0.138  0.021 -0.335 -0.098 -0.110 -0.134 -0.123 -0.156 -0.239  0.289 -0.011 -0.201 -0.101  0.031 -0.137
   14          greece   0.043  0.365 -0.240 -0.173 -0.646  0.229 -0.571  0.671  0.770  0.985  0.623 -0.159 -0.263  1.000  0.957  0.984 -0.122  0.859  0.245 -0.284 -0.157  0.980  0.983  0.949 -0.497 -0.125  0.935  0.039  0.575  0.856 -0.001  0.911  0.987  0.162  0.480  0.605  0.884 -0.242 -0.091
   15         hungary   0.006  0.525 -0.161 -0.223 -0.698  0.182 -0.602  0.827  0.761  0.947  0.687 -0.062 -0.208  0.957  1.000  0.954 -0.194  0.818  0.150 -0.152 -0.186  0.944  0.947  0.962 -0.558 -0.079  0.881  0.029  0.727  0.818 -0.052  0.946  0.974  0.200  0.571  0.721  0.881 -0.209 -0.101
   16         iceland   0.060  0.342 -0.229 -0.172 -0.640  0.227 -0.596  0.674  0.777  0.990  0.650 -0.191 -0.293  0.984  0.954  1.000 -0.139  0.877  0.215 -0.291 -0.145  0.986  0.988  0.949 -0.490 -0.125  0.943  0.057  0.575  0.845  0.011  0.915  0.982  0.129  0.489  0.598  0.849 -0.228 -0.069
   17           india   0.605 -0.262 -0.244  0.710 -0.020  0.269  0.279 -0.246 -0.196 -0.127 -0.231 -0.170 -0.066 -0.122 -0.194 -0.139  1.000 -0.149  0.367 -0.231  0.196 -0.135 -0.135 -0.188 -0.121 -0.199 -0.062 -0.158 -0.312 -0.185  0.075 -0.181 -0.150 -0.168 -0.238 -0.240 -0.054 -0.223  0.098
   18         ireland   0.023  0.263 -0.163 -0.116 -0.591  0.143 -0.553  0.542  0.795  0.842  0.507 -0.036 -0.216  0.859  0.818  0.877 -0.149  1.000  0.157 -0.217 -0.171  0.843  0.845  0.789 -0.471  0.006  0.845  0.062  0.520  0.741 -0.051  0.761  0.827  0.239  0.404  0.490  0.757 -0.279 -0.076
   19          israel  -0.117 -0.153 -0.288 -0.034 -0.046  0.030  0.423 -0.006  0.097  0.228  0.023 -0.243 -0.073  0.245  0.150  0.215  0.367  0.157  1.000 -0.235  0.086  0.220  0.225  0.152 -0.097 -0.230  0.213 -0.149 -0.126  0.137  0.104  0.145  0.192 -0.202 -0.034 -0.026  0.205 -0.193 -0.214
   20           italy  -0.273  0.397  0.557 -0.283 -0.157 -0.190  0.114  0.170 -0.163 -0.328  0.118  0.381  0.399 -0.284 -0.152 -0.291 -0.231 -0.217 -0.235  1.000 -0.095 -0.324 -0.322 -0.086 -0.197  0.120 -0.349 -0.153  0.330 -0.025 -0.232 -0.141 -0.262  0.384  0.204  0.280 -0.040  0.074 -0.083
   21           japan   0.090 -0.197 -0.155  0.045 -0.016  0.437  0.246 -0.207 -0.185 -0.138 -0.182 -0.193 -0.028 -0.157 -0.186 -0.145  0.196 -0.171  0.086 -0.095  1.000 -0.143 -0.142 -0.184 -0.075 -0.185 -0.124 -0.137 -0.222 -0.197  0.637 -0.172 -0.158 -0.227 -0.156 -0.158 -0.222 -0.164  0.063
   22          latvia   0.061  0.304 -0.257 -0.177 -0.612  0.209 -0.602  0.651  0.771  0.995  0.632 -0.230 -0.305  0.980  0.944  0.986 -0.135  0.843  0.220 -0.324 -0.143  1.000  0.989  0.935 -0.459 -0.135  0.929  0.135  0.541  0.843  0.018  0.907  0.978  0.095  0.483  0.566  0.835 -0.224 -0.078
   23       lithuania   0.057  0.309 -0.252 -0.168 -0.608  0.212 -0.599  0.652  0.766  0.994  0.628 -0.229 -0.301  0.983  0.947  0.988 -0.135  0.845  0.225 -0.322 -0.142  0.989  1.000  0.938 -0.455 -0.130  0.932  0.072  0.545  0.843  0.022  0.908  0.979  0.109  0.471  0.566  0.837 -0.210 -0.078
   24      luxembourg  -0.005  0.535 -0.094 -0.272 -0.737  0.212 -0.590  0.782  0.736  0.940  0.736 -0.062 -0.177  0.949  0.962  0.949 -0.188  0.789  0.152 -0.086 -0.184  0.935  0.938  1.000 -0.601 -0.065  0.867  0.021  0.721  0.832 -0.056  0.928  0.970  0.256  0.611  0.744  0.896 -0.173 -0.092
   25          mexico  -0.181 -0.535 -0.194  0.099  0.962 -0.321  0.168 -0.559 -0.475 -0.462 -0.533 -0.255 -0.138 -0.497 -0.558 -0.490 -0.121 -0.471 -0.097 -0.197 -0.075 -0.459 -0.455 -0.601  1.000 -0.141 -0.447 -0.072 -0.599 -0.451  0.028 -0.526 -0.525 -0.315 -0.526 -0.600 -0.612  0.131 -0.179
   26     netherlands  -0.122  0.098  0.084 -0.104 -0.123 -0.243 -0.153  0.000  0.026 -0.135 -0.048  0.407  0.021 -0.125 -0.079 -0.125 -0.199  0.006 -0.230  0.120 -0.185 -0.135 -0.130 -0.065 -0.141  1.000 -0.144  0.198  0.133 -0.129 -0.246 -0.109 -0.126  0.126  0.034  0.046 -0.093  0.270 -0.088
   27     new zealand   0.150  0.244 -0.298 -0.061 -0.590  0.313 -0.514  0.571  0.738  0.935  0.529 -0.245 -0.335  0.935  0.881  0.943 -0.062  0.845  0.213 -0.349 -0.124  0.929  0.932  0.867 -0.447 -0.144  1.000  0.020  0.475  0.776  0.049  0.837  0.918  0.100  0.368  0.502  0.783 -0.291 -0.015
   28          norway  -0.069 -0.097  0.113 -0.193 -0.104 -0.188 -0.216 -0.024  0.200  0.092  0.039  0.017 -0.098  0.039  0.029  0.057 -0.158  0.062 -0.149 -0.153 -0.137  0.135  0.072  0.021 -0.072  0.198  0.020  1.000 -0.003  0.019 -0.130  0.028  0.045 -0.097  0.057 -0.035 -0.054  0.235 -0.073
   29          poland  -0.132  0.858  0.188 -0.304 -0.675  0.039 -0.469  0.861  0.580  0.541  0.685  0.325 -0.110  0.575  0.727  0.575 -0.312  0.520 -0.126  0.330 -0.222  0.541  0.545  0.721 -0.599  0.133  0.475 -0.003  1.000  0.509 -0.208  0.714  0.624  0.348  0.697  0.869  0.665 -0.033 -0.135
   30        portugal  -0.022  0.309 -0.140 -0.208 -0.586  0.136 -0.518  0.585  0.644  0.845  0.610 -0.002 -0.134  0.856  0.818  0.845 -0.185  0.741  0.137 -0.025 -0.197  0.843  0.843  0.832 -0.451 -0.129  0.776  0.019  0.509  1.000 -0.054  0.784  0.844  0.128  0.459  0.514  0.824 -0.181 -0.110
   31   rep. of korea   0.163 -0.210 -0.238 -0.001  0.044  0.303  0.057 -0.146 -0.090  0.025 -0.112 -0.276 -0.123 -0.001 -0.052  0.011  0.075 -0.051  0.104 -0.232  0.637  0.018  0.022 -0.056  0.028 -0.246  0.049 -0.130 -0.208 -0.054  1.000 -0.044 -0.006 -0.254 -0.145 -0.131 -0.105 -0.156  0.008
   32        slovakia   0.004  0.518 -0.172 -0.244 -0.662  0.172 -0.572  0.759  0.702  0.909  0.671 -0.098 -0.156  0.911  0.946  0.915 -0.181  0.761  0.145 -0.141 -0.172  0.907  0.908  0.928 -0.526 -0.109  0.837  0.028  0.714  0.784 -0.044  1.000  0.941  0.152  0.562  0.684  0.836 -0.200 -0.104
   33        slovenia   0.041  0.436 -0.219 -0.205 -0.671  0.230 -0.590  0.729  0.751  0.982  0.666 -0.139 -0.239  0.987  0.974  0.982 -0.150  0.827  0.192 -0.262 -0.158  0.978  0.979  0.970 -0.525 -0.126  0.918  0.045  0.624  0.844 -0.006  0.941  1.000  0.159  0.536  0.658  0.887 -0.220 -0.081
   34           spain  -0.108  0.316  0.412 -0.076 -0.330 -0.009 -0.242  0.216  0.200  0.098  0.146  0.182  0.289  0.162  0.200  0.129 -0.168  0.239 -0.202  0.384 -0.227  0.095  0.109  0.256 -0.315  0.126  0.100 -0.097  0.348  0.128 -0.254  0.152  0.159  1.000  0.191  0.302  0.278 -0.026 -0.093
   35          sweden  -0.155  0.659  0.140 -0.307 -0.570  0.036 -0.319  0.683  0.413  0.480  0.690  0.247 -0.011  0.480  0.571  0.489 -0.238  0.404 -0.034  0.204 -0.156  0.483  0.471  0.611 -0.526  0.034  0.368  0.057  0.697  0.459 -0.145  0.562  0.536  0.191  1.000  0.693  0.575 -0.086 -0.139
   36     switzerland  -0.116  0.826  0.172 -0.322 -0.672  0.098 -0.396  0.833  0.509  0.565  0.668  0.265 -0.201  0.605  0.721  0.598 -0.240  0.490 -0.026  0.280 -0.158  0.566  0.566  0.744 -0.600  0.046  0.502 -0.035  0.869  0.514 -0.131  0.684  0.658  0.302  0.693  1.000  0.698 -0.062 -0.103
   37          turkey   0.013  0.544 -0.099 -0.173 -0.721  0.175 -0.460  0.726  0.676  0.837  0.670  0.097 -0.101  0.884  0.881  0.849 -0.054  0.757  0.205 -0.040 -0.222  0.835  0.837  0.896 -0.612 -0.093  0.783 -0.054  0.665  0.824 -0.105  0.836  0.887  0.278  0.575  0.698  1.000 -0.271 -0.116
   38  united kingdom  -0.223 -0.049  0.416 -0.201  0.123 -0.333 -0.077 -0.115 -0.130 -0.215 -0.066  0.167  0.031 -0.242 -0.209 -0.228 -0.223 -0.279 -0.193  0.074 -0.164 -0.224 -0.210 -0.173  0.131  0.270 -0.291  0.235 -0.033 -0.181 -0.156 -0.200 -0.220 -0.026 -0.086 -0.062 -0.271  1.000 -0.138
   39             usa   0.201 -0.108 -0.126  0.162 -0.164  0.169 -0.010 -0.117 -0.091 -0.073 -0.136 -0.122 -0.137 -0.091 -0.101 -0.069  0.098 -0.076 -0.214 -0.083  0.063 -0.078 -0.078 -0.092 -0.179 -0.088 -0.015 -0.073 -0.135 -0.110  0.008 -0.104 -0.081 -0.093 -0.139 -0.103 -0.116 -0.138  1.000

Cronbach's Alpha = 0.837

Similarity matrix saved as dataset 2007_joinedrows-nrm-Sim

----------------------------------------
Running time:  00:00:01
Output generated:  07 Apr 20 14:50:44
UCINET 6.689 Copyright (c) 2002-19 Analytic Technologies

