SIMILARITIES
--------------------------------------------------------------------------------

Measure:                                CORRELATION
Variables are:                          COLUMNS
Input dataset:                          2008_joinedrows (C:\Users\Dhruval\Documents\UCINET data\2008\2008_joinedrows)
Similarity matrix:                      2008_joinedrows-Sim (C:\Users\Dhruval\Documents\UCINET data\2008_joinedrows-Sim)


                            1      2      3      4      5      6      7      8      9     10     11     12     13     14     15     16     17     18     19     20     21     22     23     24     25     26     27     28     29     30     31     32     33     34     35     36     37     38     39
                       austra austri belgiu brazil canada  chile  china czechi denmar estoni finlan france german greece hungar icelan  india irelan israel  italy  japan latvia lithua luxemb mexico nether new ze norway poland portug rep. o slovak sloven  spain sweden switze turkey united    usa
                       ------ ------ ------ ------ ------ ------ ------ ------ ------ ------ ------ ------ ------ ------ ------ ------ ------ ------ ------ ------ ------ ------ ------ ------ ------ ------ ------ ------ ------ ------ ------ ------ ------ ------ ------ ------ ------ ------ ------
    1       australia   1.000 -0.040 -0.026  0.637  0.070  0.421  0.093 -0.051 -0.035 -0.056 -0.008 -0.043 -0.071 -0.000 -0.069 -0.034  0.642 -0.019  0.015 -0.041  0.134 -0.060 -0.055 -0.043  0.038 -0.008  0.240 -0.002 -0.058 -0.034  0.225 -0.065 -0.044  0.049 -0.047 -0.034  0.166 -0.010  0.273
    2         austria  -0.040  1.000  0.492  0.082  0.013  0.217  0.275  0.897  0.312  0.127  0.683  0.723  0.278  0.655  0.869  0.544  0.149  0.116  0.142  0.725  0.097  0.169  0.051  0.843  0.018  0.271 -0.003  0.002  0.892  0.331  0.072  0.640  0.894  0.481  0.662  0.870  0.687  0.286  0.034
    3         belgium  -0.026  0.492  1.000  0.113  0.128  0.158  0.234  0.454  0.236  0.119  0.510  0.431  0.494  0.424  0.453  0.421  0.162  0.195  0.169  0.651  0.086  0.183  0.361  0.605  0.128  0.251 -0.002  0.265  0.563  0.357  0.085  0.265  0.432  0.560  0.489  0.574  0.481  0.577  0.024
    4          brazil   0.637  0.082  0.113  1.000  0.424  0.576  0.220  0.043  0.069  0.084  0.150  0.166  0.058  0.203  0.055  0.065  0.811  0.103  0.235  0.115  0.238 -0.009  0.042  0.052  0.392  0.091  0.291 -0.000  0.062  0.104  0.225 -0.033  0.038  0.247  0.090  0.076  0.375  0.185  0.310
    5          canada   0.070  0.013  0.128  0.424  1.000  0.161  0.327 -0.004 -0.006  0.265  0.214  0.140  0.079  0.137 -0.024 -0.005  0.231  0.019  0.388  0.139  0.134  0.031  0.216  0.010  0.990  0.093  0.096  0.066 -0.016  0.105  0.235 -0.037 -0.005  0.121  0.101  0.032  0.195  0.375 -0.020
    6           chile   0.421  0.217  0.158  0.576  0.161  1.000  0.385  0.137  0.052 -0.058  0.204  0.168  0.186  0.285  0.116  0.105  0.555  0.036  0.294  0.241  0.596 -0.057 -0.095  0.232  0.141  0.015  0.346 -0.052  0.157  0.163  0.459  0.034  0.198  0.240  0.176  0.230  0.372  0.091  0.321
    7           china   0.093  0.275  0.234  0.220  0.327  0.385  1.000  0.215  0.048  0.028  0.361  0.278  0.298  0.351  0.170  0.121  0.489  0.031  0.798  0.346  0.454 -0.010 -0.055  0.293  0.303  0.045  0.177 -0.009  0.169  0.251  0.396  0.091  0.237  0.194  0.285  0.310  0.515  0.220  0.110
    8         czechia  -0.051  0.897  0.454  0.043 -0.004  0.137  0.215  1.000  0.280  0.142  0.689  0.631  0.238  0.488  0.905  0.542  0.107  0.091  0.093  0.707  0.057  0.197  0.063  0.792  0.003  0.254 -0.043  0.014  0.851  0.297  0.031  0.625  0.823  0.392  0.661  0.842  0.599  0.276  0.011
    9         denmark  -0.035  0.312  0.236  0.069 -0.006  0.052  0.048  0.280  1.000  0.164  0.455  0.361  0.083  0.389  0.344  0.400  0.030  0.438  0.031  0.308 -0.004  0.400  0.207  0.268 -0.003  0.243  0.147  0.216  0.445  0.132 -0.018  0.118  0.204  0.297  0.264  0.289  0.262  0.146 -0.006
   10         estonia  -0.056  0.127  0.119  0.084  0.265 -0.058  0.028  0.142  0.164  1.000  0.297  0.111  0.034  0.143  0.095  0.053  0.001 -0.000  0.042  0.100 -0.033  0.392  0.313  0.117  0.264  0.081 -0.119  0.128  0.180  0.053 -0.011  0.060  0.099  0.035  0.379  0.099  0.059  0.149 -0.037
   11         finland  -0.008  0.683  0.510  0.150  0.214  0.204  0.361  0.689  0.455  0.297  1.000  0.602  0.391  0.397  0.598  0.508  0.223  0.086  0.238  0.664  0.154  0.346  0.171  0.754  0.212  0.250 -0.040  0.128  0.694  0.402  0.164  0.425  0.615  0.375  0.696  0.673  0.598  0.400  0.033
   12          france  -0.043  0.723  0.431  0.166  0.140  0.168  0.278  0.631  0.361  0.111  0.602  1.000  0.412  0.679  0.680  0.545  0.207  0.357  0.208  0.596  0.088  0.171  0.075  0.685  0.142  0.476  0.069  0.152  0.683  0.538  0.084  0.378  0.681  0.450  0.588  0.649  0.686  0.423  0.024
   13         germany  -0.071  0.278  0.494  0.058  0.079  0.186  0.298  0.238  0.083  0.034  0.391  0.412  1.000  0.379  0.349  0.183  0.194  0.151  0.285  0.503  0.156  0.040  0.046  0.489  0.067  0.133 -0.046  0.033  0.277  0.390  0.137  0.376  0.405  0.469  0.344  0.236  0.469  0.252 -0.039
   14          greece  -0.000  0.655  0.424  0.203  0.137  0.285  0.351  0.488  0.389  0.143  0.397  0.679  0.379  1.000  0.610  0.406  0.259  0.371  0.298  0.542  0.086  0.074  0.086  0.578  0.138  0.279  0.174 -0.014  0.587  0.350  0.098  0.284  0.648  0.604  0.401  0.578  0.716  0.211  0.045
   15         hungary  -0.069  0.869  0.453  0.055 -0.024  0.116  0.170  0.905  0.344  0.095  0.598  0.680  0.349  0.610  1.000  0.520  0.080  0.173  0.067  0.696  0.020  0.159  0.060  0.755 -0.019  0.291 -0.009 -0.003  0.875  0.296 -0.008  0.678  0.835  0.465  0.583  0.805  0.609  0.252 -0.016
   16         iceland  -0.034  0.544  0.421  0.065 -0.005  0.105  0.121  0.542  0.400  0.053  0.508  0.545  0.183  0.406  0.520  1.000  0.059  0.647  0.030  0.501  0.005  0.102  0.031  0.537  0.006  0.219  0.214  0.000  0.599  0.238 -0.015  0.319  0.453  0.362  0.443  0.538  0.390  0.154  0.029
   17           india   0.642  0.149  0.162  0.811  0.231  0.555  0.489  0.107  0.030  0.001  0.223  0.207  0.194  0.259  0.080  0.059  1.000  0.051  0.534  0.202  0.342 -0.017 -0.037  0.183  0.193  0.064  0.226  0.025  0.089  0.150  0.299  0.028  0.123  0.234  0.168  0.177  0.527  0.176  0.287
   18         ireland  -0.019  0.116  0.195  0.103  0.019  0.036  0.031  0.091  0.438 -0.000  0.086  0.357  0.151  0.371  0.173  0.647  0.051  1.000  0.039  0.223 -0.019  0.082  0.047  0.094  0.012  0.230  0.271  0.066  0.235  0.170 -0.025  0.010  0.065  0.336  0.131  0.134  0.218 -0.005 -0.001
   19          israel   0.015  0.142  0.169  0.235  0.388  0.294  0.798  0.093  0.031  0.042  0.238  0.208  0.285  0.298  0.067  0.030  0.534  0.039  1.000  0.255  0.328 -0.002 -0.023  0.179  0.354  0.053  0.060  0.003  0.061  0.179  0.374  0.008  0.083  0.137  0.189  0.195  0.463  0.233 -0.012
   20           italy  -0.041  0.725  0.651  0.115  0.139  0.241  0.346  0.707  0.308  0.100  0.664  0.596  0.503  0.542  0.696  0.501  0.202  0.223  0.255  1.000  0.167  0.190  0.103  0.828  0.154  0.267  0.038  0.024  0.773  0.613  0.136  0.469  0.604  0.636  0.583  0.755  0.679  0.356  0.054
   21           japan   0.134  0.097  0.086  0.238  0.134  0.596  0.454  0.057 -0.004 -0.033  0.154  0.088  0.156  0.086  0.020  0.005  0.342 -0.019  0.328  0.167  1.000 -0.051 -0.064  0.110  0.117 -0.010  0.073 -0.019  0.069  0.052  0.698 -0.003  0.050  0.056  0.140  0.157  0.192  0.097  0.153
   22          latvia  -0.060  0.169  0.183 -0.009  0.031 -0.057 -0.010  0.197  0.400  0.392  0.346  0.171  0.040  0.074  0.159  0.102 -0.017  0.082 -0.002  0.190 -0.051  1.000  0.267  0.160  0.053  0.117 -0.126  0.399  0.249  0.121 -0.051  0.097  0.136  0.046  0.391  0.187  0.135  0.125 -0.079
   23       lithuania  -0.055  0.051  0.361  0.042  0.216 -0.095 -0.055  0.063  0.207  0.313  0.171  0.075  0.046  0.086  0.060  0.031 -0.037  0.047 -0.023  0.103 -0.064  0.267  1.000  0.033  0.239  0.106 -0.088  0.231  0.100  0.037 -0.053  0.011  0.032  0.065  0.141  0.061  0.027  0.265 -0.035
   24      luxembourg  -0.043  0.843  0.605  0.052  0.010  0.232  0.293  0.792  0.268  0.117  0.754  0.685  0.489  0.578  0.755  0.537  0.183  0.094  0.179  0.828  0.110  0.160  0.033  1.000  0.014  0.322 -0.024  0.021  0.835  0.443  0.081  0.527  0.794  0.600  0.679  0.833  0.706  0.378  0.044
   25          mexico   0.038  0.018  0.128  0.392  0.990  0.141  0.303  0.003 -0.003  0.264  0.212  0.142  0.067  0.138 -0.019  0.006  0.193  0.012  0.354  0.154  0.117  0.053  0.239  0.014  1.000  0.093  0.108  0.073 -0.008  0.110  0.213 -0.030  0.002  0.118  0.095  0.036  0.190  0.385 -0.020
   26     netherlands  -0.008  0.271  0.251  0.091  0.093  0.015  0.045  0.254  0.243  0.081  0.250  0.476  0.133  0.279  0.291  0.219  0.064  0.230  0.053  0.267 -0.010  0.117  0.106  0.322  0.093  1.000  0.038  0.320  0.357  0.143 -0.004  0.116  0.202  0.282  0.298  0.276  0.232  0.474  0.016
   27     new zealand   0.240 -0.003 -0.002  0.291  0.096  0.346  0.177 -0.043  0.147 -0.119 -0.040  0.069 -0.046  0.174 -0.009  0.214  0.226  0.271  0.060  0.038  0.073 -0.126 -0.088 -0.024  0.108  0.038  1.000 -0.065  0.011 -0.023  0.143 -0.095 -0.041  0.109 -0.080  0.016  0.119 -0.053  0.177
   28          norway  -0.002  0.002  0.265 -0.000  0.066 -0.052 -0.009  0.014  0.216  0.128  0.128  0.152  0.033 -0.014 -0.003  0.000  0.025  0.066  0.003  0.024 -0.019  0.399  0.231  0.021  0.073  0.320 -0.065  1.000  0.060  0.049  0.033 -0.014 -0.002  0.016  0.378  0.034  0.005  0.307  0.023
   29          poland  -0.058  0.892  0.563  0.062 -0.016  0.157  0.169  0.851  0.445  0.180  0.694  0.683  0.277  0.587  0.875  0.599  0.089  0.235  0.061  0.773  0.069  0.249  0.100  0.835 -0.008  0.357  0.011  0.060  1.000  0.341  0.026  0.652  0.761  0.524  0.662  0.843  0.612  0.354  0.004
   30        portugal  -0.034  0.331  0.357  0.104  0.105  0.163  0.251  0.297  0.132  0.053  0.402  0.538  0.390  0.350  0.296  0.238  0.150  0.170  0.179  0.613  0.052  0.121  0.037  0.443  0.110  0.143 -0.023  0.049  0.341  1.000  0.064  0.171  0.306  0.296  0.346  0.332  0.482  0.244  0.020
   31   rep. of korea   0.225  0.072  0.085  0.225  0.235  0.459  0.396  0.031 -0.018 -0.011  0.164  0.084  0.137  0.098 -0.008 -0.015  0.299 -0.025  0.374  0.136  0.698 -0.051 -0.053  0.081  0.213 -0.004  0.143  0.033  0.026  0.064  1.000 -0.022  0.037  0.036  0.130  0.135  0.195  0.126  0.130
   32        slovakia  -0.065  0.640  0.265 -0.033 -0.037  0.034  0.091  0.625  0.118  0.060  0.425  0.378  0.376  0.284  0.678  0.319  0.028  0.010  0.008  0.469 -0.003  0.097  0.011  0.527 -0.030  0.116 -0.095 -0.014  0.652  0.171 -0.022  1.000  0.639  0.234  0.410  0.515  0.368  0.138 -0.051
   33        slovenia  -0.044  0.894  0.432  0.038 -0.005  0.198  0.237  0.823  0.204  0.099  0.615  0.681  0.405  0.648  0.835  0.453  0.123  0.065  0.083  0.604  0.050  0.136  0.032  0.794  0.002  0.202 -0.041 -0.002  0.761  0.306  0.037  0.639  1.000  0.460  0.615  0.810  0.677  0.252  0.015
   34           spain   0.049  0.481  0.560  0.247  0.121  0.240  0.194  0.392  0.297  0.035  0.375  0.450  0.469  0.604  0.465  0.362  0.234  0.336  0.137  0.636  0.056  0.046  0.065  0.600  0.118  0.282  0.109  0.016  0.524  0.296  0.036  0.234  0.460  1.000  0.353  0.499  0.561  0.275  0.059
   35          sweden  -0.047  0.662  0.489  0.090  0.101  0.176  0.285  0.661  0.264  0.379  0.696  0.588  0.344  0.401  0.583  0.443  0.168  0.131  0.189  0.583  0.140  0.391  0.141  0.679  0.095  0.298 -0.080  0.378  0.662  0.346  0.130  0.410  0.615  0.353  1.000  0.646  0.538  0.318  0.013
   36     switzerland  -0.034  0.870  0.574  0.076  0.032  0.230  0.310  0.842  0.289  0.099  0.673  0.649  0.236  0.578  0.805  0.538  0.177  0.134  0.195  0.755  0.157  0.187  0.061  0.833  0.036  0.276  0.016  0.034  0.843  0.332  0.135  0.515  0.810  0.499  0.646  1.000  0.699  0.338  0.052
   37          turkey   0.166  0.687  0.481  0.375  0.195  0.372  0.515  0.599  0.262  0.059  0.598  0.686  0.469  0.716  0.609  0.390  0.527  0.218  0.463  0.679  0.192  0.135  0.027  0.706  0.190  0.232  0.119  0.005  0.612  0.482  0.195  0.368  0.677  0.561  0.538  0.699  1.000  0.292  0.113
   38  united kingdom  -0.010  0.286  0.577  0.185  0.375  0.091  0.220  0.276  0.146  0.149  0.400  0.423  0.252  0.211  0.252  0.154  0.176 -0.005  0.233  0.356  0.097  0.125  0.265  0.378  0.385  0.474 -0.053  0.307  0.354  0.244  0.126  0.138  0.252  0.275  0.318  0.338  0.292  1.000  0.062
   39             usa   0.273  0.034  0.024  0.310 -0.020  0.321  0.110  0.011 -0.006 -0.037  0.033  0.024 -0.039  0.045 -0.016  0.029  0.287 -0.001 -0.012  0.054  0.153 -0.079 -0.035  0.044 -0.020  0.016  0.177  0.023  0.004  0.020  0.130 -0.051  0.015  0.059  0.013  0.052  0.113  0.062  1.000

Cronbach's Alpha = 0.924

Similarity matrix saved as dataset 2008_joinedrows-Sim

----------------------------------------
Running time:  00:00:01
Output generated:  07 Apr 20 14:25:58
UCINET 6.689 Copyright (c) 2002-19 Analytic Technologies

