SIMILARITIES
--------------------------------------------------------------------------------

Measure:                                CORRELATION
Variables are:                          COLUMNS
Input dataset:                          2008_joinedrows-nrm (C:\Users\Dhruval\Documents\UCINET data\2008_joinedrows-nrm)
Similarity matrix:                      2008_joinedrows-nrm-Sim (C:\Users\Dhruval\Documents\UCINET data\2008_joinedrows-nrm-Sim)


                            1      2      3      4      5      6      7      8      9     10     11     12     13     14     15     16     17     18     19     20     21     22     23     24     25     26     27     28     29     30     31     32     33     34     35     36     37     38     39
                       austra austri belgiu brazil canada  chile  china czechi denmar estoni finlan france german greece hungar icelan  india irelan israel  italy  japan latvia lithua luxemb mexico nether new ze norway poland portug rep. o slovak sloven  spain sweden switze turkey united    usa
                       ------ ------ ------ ------ ------ ------ ------ ------ ------ ------ ------ ------ ------ ------ ------ ------ ------ ------ ------ ------ ------ ------ ------ ------ ------ ------ ------ ------ ------ ------ ------ ------ ------ ------ ------ ------ ------ ------ ------
    1       australia   1.000 -0.223 -0.206  0.599 -0.090  0.279 -0.063 -0.195 -0.125 -0.076 -0.217 -0.250 -0.207 -0.094 -0.133 -0.081  0.614 -0.098 -0.186 -0.256  0.028 -0.077 -0.087 -0.147 -0.142 -0.123  0.002 -0.079 -0.227 -0.135  0.110 -0.123 -0.099 -0.121 -0.243 -0.214 -0.079 -0.216  0.219
    2         austria  -0.223  1.000  0.219 -0.342 -0.544  0.096 -0.183  0.841  0.384  0.320  0.608  0.512  0.021  0.393  0.560  0.363 -0.215  0.289 -0.002  0.500 -0.130  0.327  0.307  0.559 -0.518  0.029  0.266 -0.134  0.863  0.362 -0.115  0.540  0.455  0.348  0.609  0.819  0.543 -0.062 -0.130
    3         belgium  -0.206  0.219  1.000 -0.226 -0.150 -0.232 -0.022  0.082 -0.081 -0.219  0.047  0.204  0.371 -0.188 -0.112 -0.188 -0.204 -0.133 -0.251  0.508 -0.150 -0.208 -0.165 -0.056 -0.189  0.087 -0.249  0.157  0.233 -0.110 -0.213 -0.129 -0.172  0.349  0.132  0.187 -0.100  0.403 -0.125
    4          brazil   0.599 -0.342 -0.226  1.000  0.210  0.248 -0.052 -0.377 -0.259 -0.270 -0.399 -0.196 -0.199 -0.286 -0.331 -0.282  0.711 -0.235 -0.218 -0.283  0.025 -0.277 -0.278 -0.376  0.150 -0.126 -0.180 -0.177 -0.379 -0.310 -0.063 -0.333 -0.311 -0.099 -0.395 -0.406 -0.249 -0.184  0.213
    5          canada  -0.090 -0.544 -0.150  0.210  1.000 -0.436  0.209 -0.643 -0.577 -0.602 -0.591 -0.188 -0.118 -0.643 -0.689 -0.633 -0.140 -0.584 -0.227 -0.191 -0.108 -0.616 -0.587 -0.720  0.977 -0.070 -0.588 -0.103 -0.646 -0.622 -0.129 -0.644 -0.660 -0.343 -0.568 -0.667 -0.712  0.095 -0.161
    6           chile   0.279  0.096 -0.232  0.248 -0.436  1.000 -0.110  0.183  0.246  0.384  0.175 -0.242 -0.112  0.396  0.341  0.388  0.294  0.308  0.193 -0.174  0.433  0.382  0.355  0.356 -0.419 -0.289  0.464 -0.199  0.128  0.335  0.336  0.316  0.387  0.050  0.101  0.213  0.365 -0.346  0.174
    7           china  -0.063 -0.183 -0.022 -0.052  0.209 -0.110  1.000 -0.356 -0.446 -0.500 -0.343 -0.007  0.135 -0.482 -0.499 -0.500  0.225 -0.474  0.340  0.080  0.283 -0.502 -0.520 -0.478  0.123 -0.137 -0.443 -0.182 -0.381 -0.431  0.101 -0.473 -0.492 -0.216 -0.288 -0.302 -0.353 -0.100 -0.018
    8         czechia  -0.195  0.841  0.082 -0.377 -0.643  0.183 -0.356  1.000  0.580  0.637  0.773  0.267 -0.070  0.669  0.823  0.669 -0.219  0.552  0.148  0.323 -0.142  0.643  0.624  0.794 -0.573 -0.047  0.563 -0.085  0.869  0.621 -0.057  0.772  0.730  0.277  0.698  0.879  0.731 -0.096 -0.140
    9         denmark  -0.125  0.384 -0.081 -0.259 -0.577  0.246 -0.446  0.580  1.000  0.752  0.703  0.030 -0.159  0.772  0.768  0.768 -0.176  0.783  0.247 -0.038 -0.121  0.768  0.757  0.741 -0.491 -0.040  0.729  0.104  0.609  0.678  0.005  0.693  0.751  0.255  0.468  0.558  0.693 -0.142 -0.111
   10         estonia  -0.076  0.320 -0.219 -0.270 -0.602  0.384 -0.500  0.637  0.752  1.000  0.690 -0.203 -0.196  0.987  0.944  0.993 -0.119  0.858  0.421 -0.233 -0.071  0.996  0.987  0.936 -0.479 -0.197  0.937 -0.003  0.525  0.885  0.119  0.900  0.983  0.151  0.514  0.603  0.859 -0.190 -0.089
   11         finland  -0.217  0.608  0.047 -0.399 -0.591  0.175 -0.343  0.773  0.703  0.690  1.000  0.142  0.002  0.687  0.759  0.708 -0.220  0.574  0.207  0.181 -0.124  0.699  0.680  0.802 -0.514 -0.121  0.593 -0.025  0.722  0.683 -0.003  0.729  0.733  0.189  0.695  0.724  0.709 -0.080 -0.173
   12          france  -0.250  0.512  0.204 -0.196 -0.188 -0.242 -0.007  0.267  0.030 -0.203  0.142  1.000  0.250 -0.120 -0.002 -0.155 -0.181 -0.020 -0.226  0.407 -0.174 -0.192 -0.207 -0.005 -0.223  0.355 -0.208  0.010  0.374  0.009 -0.240 -0.055 -0.101  0.190  0.246  0.270  0.065  0.152 -0.143
   13         germany  -0.207  0.021  0.371 -0.199 -0.118 -0.112  0.135 -0.070 -0.159 -0.196  0.002  0.250  1.000 -0.160 -0.115 -0.186 -0.060 -0.126 -0.020  0.368 -0.005 -0.194 -0.196 -0.064 -0.167 -0.006 -0.229 -0.082 -0.019 -0.049 -0.078 -0.041 -0.144  0.287  0.036 -0.099 -0.034  0.033 -0.155
   14          greece  -0.094  0.393 -0.188 -0.286 -0.643  0.396 -0.482  0.669  0.772  0.987  0.687 -0.120 -0.160  1.000  0.960  0.988 -0.118  0.876  0.426 -0.180 -0.085  0.985  0.974  0.949 -0.524 -0.181  0.936 -0.034  0.574  0.891  0.102  0.904  0.988  0.224  0.515  0.649  0.899 -0.211 -0.098
   15         hungary  -0.133  0.560 -0.112 -0.331 -0.689  0.341 -0.499  0.823  0.768  0.944  0.759 -0.002 -0.115  0.960  1.000  0.956 -0.174  0.832  0.345 -0.024 -0.115  0.945  0.931  0.966 -0.578 -0.138  0.881 -0.046  0.728  0.864  0.050  0.945  0.976  0.254  0.604  0.768  0.898 -0.178 -0.124
   16         iceland  -0.081  0.363 -0.188 -0.282 -0.633  0.388 -0.500  0.669  0.768  0.993  0.708 -0.155 -0.186  0.988  0.956  1.000 -0.125  0.889  0.409 -0.190 -0.077  0.991  0.980  0.949 -0.511 -0.186  0.943 -0.016  0.565  0.889  0.109  0.909  0.987  0.180  0.524  0.639  0.873 -0.196 -0.088
   17           india   0.614 -0.215 -0.204  0.711 -0.140  0.294  0.225 -0.219 -0.176 -0.119 -0.220 -0.181 -0.060 -0.118 -0.174 -0.125  1.000 -0.133  0.238 -0.206  0.152 -0.121 -0.139 -0.168 -0.210 -0.201 -0.056 -0.155 -0.276 -0.145  0.053 -0.161 -0.137 -0.098 -0.231 -0.206  0.012 -0.241  0.177
   18         ireland  -0.098  0.289 -0.133 -0.235 -0.584  0.308 -0.474  0.552  0.783  0.858  0.574 -0.020 -0.126  0.876  0.832  0.889 -0.133  1.000  0.333 -0.130 -0.107  0.860  0.850  0.807 -0.487 -0.084  0.853  0.004  0.522  0.790  0.050  0.768  0.847  0.278  0.445  0.539  0.776 -0.239 -0.098
   19          israel  -0.186 -0.002 -0.251 -0.218 -0.227  0.193  0.340  0.148  0.247  0.421  0.207 -0.226 -0.020  0.426  0.345  0.409  0.238  0.333  1.000 -0.191  0.107  0.417  0.398  0.354 -0.203 -0.270  0.386 -0.150  0.026  0.364  0.225  0.327  0.391 -0.093  0.108  0.179  0.441 -0.198 -0.206
   20           italy  -0.256  0.500  0.508 -0.283 -0.191 -0.174  0.080  0.323 -0.038 -0.233  0.181  0.407  0.368 -0.180 -0.024 -0.190 -0.206 -0.130 -0.191  1.000 -0.080 -0.220 -0.231  0.036 -0.214  0.082 -0.251 -0.158  0.459  0.025 -0.188 -0.033 -0.148  0.432  0.217  0.366  0.025  0.042 -0.112
   21           japan   0.028 -0.130 -0.150  0.025 -0.108  0.433  0.283 -0.142 -0.121 -0.071 -0.124 -0.174 -0.005 -0.085 -0.115 -0.077  0.152 -0.107  0.107 -0.080  1.000 -0.074 -0.088 -0.103 -0.141 -0.182 -0.060 -0.132 -0.153 -0.111  0.624 -0.104 -0.086 -0.182 -0.106 -0.083 -0.111 -0.170  0.060
   22          latvia  -0.077  0.327 -0.208 -0.277 -0.616  0.382 -0.502  0.643  0.768  0.996  0.699 -0.192 -0.194  0.985  0.945  0.991 -0.121  0.860  0.417 -0.220 -0.074  1.000  0.985  0.937 -0.492 -0.191  0.934  0.026  0.535  0.887  0.115  0.901  0.983  0.153  0.524  0.612  0.863 -0.188 -0.094
   23       lithuania  -0.087  0.307 -0.165 -0.278 -0.587  0.355 -0.520  0.624  0.757  0.987  0.680 -0.207 -0.196  0.974  0.931  0.980 -0.139  0.850  0.398 -0.231 -0.088  0.985  1.000  0.920 -0.460 -0.189  0.921  0.025  0.515  0.872  0.100  0.886  0.969  0.148  0.497  0.590  0.840 -0.158 -0.097
   24      luxembourg  -0.147  0.559 -0.056 -0.376 -0.720  0.356 -0.478  0.794  0.741  0.936  0.802 -0.005 -0.064  0.949  0.966  0.949 -0.168  0.807  0.354  0.036 -0.103  0.937  0.920  1.000 -0.612 -0.136  0.867 -0.054  0.720  0.882  0.055  0.919  0.968  0.303  0.633  0.780  0.908 -0.149 -0.118
   25          mexico  -0.142 -0.518 -0.189  0.150  0.977 -0.419  0.123 -0.573 -0.491 -0.479 -0.514 -0.223 -0.167 -0.524 -0.578 -0.511 -0.210 -0.487 -0.203 -0.214 -0.141 -0.492 -0.460 -0.612  1.000 -0.102 -0.468 -0.100 -0.592 -0.514 -0.137 -0.536 -0.541 -0.338 -0.526 -0.604 -0.616  0.097 -0.183
   26     netherlands  -0.123  0.029  0.087 -0.126 -0.070 -0.289 -0.137 -0.047 -0.040 -0.197 -0.121  0.355 -0.006 -0.181 -0.138 -0.186 -0.201 -0.084 -0.270  0.082 -0.182 -0.191 -0.189 -0.136 -0.102  1.000 -0.200  0.245  0.076 -0.180 -0.226 -0.168 -0.188  0.073  0.001 -0.046 -0.197  0.349 -0.081
   27     new zealand   0.002  0.266 -0.249 -0.180 -0.588  0.464 -0.443  0.563  0.729  0.937  0.593 -0.208 -0.229  0.936  0.881  0.943 -0.056  0.853  0.386 -0.251 -0.060  0.934  0.921  0.867 -0.468 -0.200  1.000 -0.047  0.466  0.820  0.142  0.829  0.921  0.153  0.406  0.544  0.812 -0.251 -0.034
   28          norway  -0.079 -0.134  0.157 -0.177 -0.103 -0.199 -0.182 -0.085  0.104 -0.003 -0.025  0.010 -0.082 -0.034 -0.046 -0.016 -0.155  0.004 -0.150 -0.158 -0.132  0.026  0.025 -0.054 -0.100  0.245 -0.047  1.000 -0.059 -0.031 -0.083 -0.041 -0.029 -0.128  0.256 -0.093 -0.123  0.201 -0.045
   29          poland  -0.227  0.863  0.233 -0.379 -0.646  0.128 -0.381  0.869  0.609  0.525  0.722  0.374 -0.019  0.574  0.728  0.565 -0.276  0.522  0.026  0.459 -0.153  0.535  0.515  0.720 -0.592  0.076  0.466 -0.059  1.000  0.540 -0.113  0.702  0.616  0.404  0.670  0.856  0.647 -0.007 -0.161
   30        portugal  -0.135  0.362 -0.110 -0.310 -0.622  0.335 -0.431  0.621  0.678  0.885  0.683  0.009 -0.049  0.891  0.864  0.889 -0.145  0.790  0.364  0.025 -0.111  0.887  0.872  0.882 -0.514 -0.180  0.820 -0.031  0.540  1.000  0.058  0.818  0.888  0.198  0.514  0.600  0.843 -0.162 -0.116
   31   rep. of korea   0.110 -0.115 -0.213 -0.063 -0.129  0.336  0.101 -0.057  0.005  0.119 -0.003 -0.240 -0.078  0.102  0.050  0.109  0.053  0.050  0.225 -0.188  0.624  0.115  0.100  0.055 -0.137 -0.226  0.142 -0.083 -0.113  0.058  1.000  0.054  0.096 -0.196 -0.039 -0.005  0.041 -0.192  0.011
   32        slovakia  -0.123  0.540 -0.129 -0.333 -0.644  0.316 -0.473  0.772  0.693  0.900  0.729 -0.055 -0.041  0.904  0.945  0.909 -0.161  0.768  0.327 -0.033 -0.104  0.901  0.886  0.919 -0.536 -0.168  0.829 -0.041  0.702  0.818  0.054  1.000  0.934  0.200  0.577  0.707  0.842 -0.176 -0.127
   33        slovenia  -0.099  0.455 -0.172 -0.311 -0.660  0.387 -0.492  0.730  0.751  0.983  0.733 -0.101 -0.144  0.988  0.976  0.987 -0.137  0.847  0.391 -0.148 -0.086  0.983  0.969  0.968 -0.541 -0.188  0.921 -0.029  0.616  0.888  0.096  0.934  1.000  0.208  0.565  0.700  0.902 -0.190 -0.100
   34           spain  -0.121  0.348  0.349 -0.099 -0.343  0.050 -0.216  0.277  0.255  0.151  0.189  0.190  0.287  0.224  0.254  0.180 -0.098  0.278 -0.093  0.432 -0.182  0.153  0.148  0.303 -0.338  0.073  0.153 -0.128  0.404  0.198 -0.196  0.200  0.208  1.000  0.186  0.354  0.311 -0.056 -0.096
   35          sweden  -0.243  0.609  0.132 -0.395 -0.568  0.101 -0.288  0.698  0.468  0.514  0.695  0.246  0.036  0.515  0.604  0.524 -0.231  0.445  0.108  0.217 -0.106  0.524  0.497  0.633 -0.526  0.001  0.406  0.256  0.670  0.514 -0.039  0.577  0.565  0.186  1.000  0.658  0.557 -0.087 -0.173
   36     switzerland  -0.214  0.819  0.187 -0.406 -0.667  0.213 -0.302  0.879  0.558  0.603  0.724  0.270 -0.099  0.649  0.768  0.639 -0.206  0.539  0.179  0.366 -0.083  0.612  0.590  0.780 -0.604 -0.046  0.544 -0.093  0.856  0.600 -0.005  0.707  0.700  0.354  0.658  1.000  0.747 -0.075 -0.128
   37          turkey  -0.079  0.543 -0.100 -0.249 -0.712  0.365 -0.353  0.731  0.693  0.859  0.709  0.065 -0.034  0.899  0.898  0.873  0.012  0.776  0.441  0.025 -0.111  0.863  0.840  0.908 -0.616 -0.197  0.812 -0.123  0.647  0.843  0.041  0.842  0.902  0.311  0.557  0.747  1.000 -0.258 -0.118
   38  united kingdom  -0.216 -0.062  0.403 -0.184  0.095 -0.346 -0.100 -0.096 -0.142 -0.190 -0.080  0.152  0.033 -0.211 -0.178 -0.196 -0.241 -0.239 -0.198  0.042 -0.170 -0.188 -0.158 -0.149  0.097  0.349 -0.251  0.201 -0.007 -0.162 -0.192 -0.176 -0.190 -0.056 -0.087 -0.075 -0.258  1.000 -0.102
   39             usa   0.219 -0.130 -0.125  0.213 -0.161  0.174 -0.018 -0.140 -0.111 -0.089 -0.173 -0.143 -0.155 -0.098 -0.124 -0.088  0.177 -0.098 -0.206 -0.112  0.060 -0.094 -0.097 -0.118 -0.183 -0.081 -0.034 -0.045 -0.161 -0.116  0.011 -0.127 -0.100 -0.096 -0.173 -0.128 -0.118 -0.102  1.000

Cronbach's Alpha = 0.858

Similarity matrix saved as dataset 2008_joinedrows-nrm-Sim

----------------------------------------
Running time:  00:00:01
Output generated:  07 Apr 20 14:29:58
UCINET 6.689 Copyright (c) 2002-19 Analytic Technologies

