SIMILARITIES
--------------------------------------------------------------------------------

Measure:                                CORRELATION
Variables are:                          COLUMNS
Diagonal:                               TREATED AS MISSING
Input dataset:                          2007_joinedrows-Sim-nrm (C:\Users\Dhruval\Documents\UCINET data\2007_joinedrows-Sim-nrm)
Similarity matrix:                      2007_joinedrows-Sim-nrm-Sim (C:\Users\Dhruval\Documents\UCINET data\2007_joinedrows-Sim-nrm-Sim)


                            1      2      3      4      5      6      7      8      9     10     11     12     13     14     15     16     17     18     19     20     21     22     23     24     25     26     27     28     29     30     31     32     33     34     35     36     37     38     39
                       austra austri belgiu brazil canada  chile  china czechi denmar estoni finlan france german greece hungar icelan  india irelan israel  italy  japan latvia lithua luxemb mexico nether new ze norway poland portug rep. o slovak sloven  spain sweden switze turkey united    usa
                       ------ ------ ------ ------ ------ ------ ------ ------ ------ ------ ------ ------ ------ ------ ------ ------ ------ ------ ------ ------ ------ ------ ------ ------ ------ ------ ------ ------ ------ ------ ------ ------ ------ ------ ------ ------ ------ ------ ------
    1       australia   1.000 -0.741 -0.712  0.905  0.611  0.831  0.566 -0.746 -0.026  0.082 -0.797 -0.768 -0.343 -0.411 -0.758 -0.331  0.795  0.210  0.625 -0.767  0.782  0.109  0.108 -0.782  0.593 -0.219  0.820  0.245 -0.772 -0.322  0.750 -0.733 -0.734 -0.507 -0.789 -0.740 -0.508 -0.023  0.948
    2         austria  -0.741  1.000  0.537 -0.781 -0.815 -0.601 -0.573  0.973 -0.144 -0.381  0.789  0.787  0.294  0.459  0.964  0.350 -0.695 -0.315 -0.688  0.793 -0.695 -0.373 -0.414  0.940 -0.811 -0.000 -0.761 -0.533  0.958  0.031 -0.765  0.906  0.959  0.506  0.870  0.984  0.650 -0.308 -0.748
    3         belgium  -0.712  0.537  1.000 -0.720 -0.507 -0.671 -0.528  0.549  0.086 -0.089  0.679  0.631  0.369  0.284  0.562  0.207 -0.660 -0.160 -0.520  0.702 -0.627 -0.043 -0.093  0.681 -0.478  0.334 -0.691 -0.216  0.591  0.350 -0.648  0.566  0.559  0.570  0.631  0.538  0.371 -0.022 -0.678
    4          brazil   0.905 -0.781 -0.720  1.000  0.672  0.830  0.703 -0.796 -0.152  0.033 -0.821 -0.776 -0.258 -0.328 -0.816 -0.412  0.908  0.146  0.719 -0.726  0.784  0.037  0.058 -0.787  0.648 -0.284  0.818  0.222 -0.846 -0.162  0.820 -0.783 -0.746 -0.497 -0.859 -0.772 -0.416  0.020  0.837
    5          canada   0.611 -0.815 -0.507  0.672  1.000  0.525  0.633 -0.797 -0.063  0.297 -0.646 -0.739 -0.186 -0.389 -0.830 -0.528  0.663  0.076  0.742 -0.677  0.664  0.259  0.314 -0.807  0.991 -0.140  0.556  0.408 -0.846  0.005  0.732 -0.774 -0.797 -0.578 -0.714 -0.805 -0.505  0.387  0.569
    6           chile   0.831 -0.601 -0.671  0.830  0.525  1.000  0.726 -0.626 -0.335 -0.170 -0.697 -0.707 -0.193 -0.310 -0.654 -0.442  0.880  0.029  0.684 -0.552  0.846 -0.182 -0.188 -0.615  0.493 -0.485  0.686 -0.022 -0.701 -0.217  0.850 -0.607 -0.590 -0.424 -0.716 -0.580 -0.247 -0.136  0.819
    7           china   0.566 -0.573 -0.528  0.703  0.633  0.726  1.000 -0.620 -0.473 -0.196 -0.546 -0.579  0.039 -0.101 -0.651 -0.592  0.799 -0.144  0.933 -0.398  0.735 -0.196 -0.226 -0.525  0.596 -0.554  0.420 -0.085 -0.704  0.047  0.778 -0.630 -0.542 -0.391 -0.607 -0.549 -0.082  0.070  0.457
    8         czechia  -0.746  0.973  0.549 -0.796 -0.797 -0.626 -0.620  1.000 -0.068 -0.282  0.798  0.766  0.206  0.412  0.965  0.355 -0.736 -0.300 -0.732  0.749 -0.706 -0.288 -0.329  0.905 -0.788  0.054 -0.764 -0.448  0.967 -0.036 -0.766  0.950  0.924  0.471  0.881  0.960  0.557 -0.270 -0.734
    9         denmark  -0.026 -0.144  0.086 -0.152 -0.063 -0.335 -0.473 -0.068  1.000  0.567 -0.207  0.082 -0.273 -0.264 -0.044  0.601 -0.315  0.679 -0.374 -0.252 -0.285  0.550  0.639 -0.191 -0.010  0.767  0.134  0.529  0.010 -0.086 -0.244 -0.041 -0.166 -0.003 -0.016 -0.146 -0.480  0.028  0.070
   10         estonia   0.082 -0.381 -0.089  0.033  0.297 -0.170 -0.196 -0.282  0.567  1.000 -0.152 -0.276 -0.349 -0.611 -0.290 -0.006 -0.092  0.282 -0.035 -0.444  0.002  0.914  0.835 -0.411  0.343  0.499  0.108  0.879 -0.253 -0.082  0.073 -0.212 -0.391 -0.375 -0.193 -0.375 -0.682  0.500  0.153
   11         finland  -0.797  0.789  0.679 -0.821 -0.646 -0.697 -0.546  0.798 -0.207 -0.152  1.000  0.667  0.221  0.332  0.767  0.144 -0.722 -0.296 -0.572  0.761 -0.643 -0.129 -0.205  0.819 -0.630  0.054 -0.855 -0.251  0.798  0.138 -0.700  0.767  0.751  0.392  0.919  0.800  0.483 -0.039 -0.802
   12          france  -0.768  0.787  0.631 -0.776 -0.739 -0.707 -0.579  0.766  0.082 -0.276  0.667  1.000  0.290  0.615  0.805  0.451 -0.732 -0.107 -0.640  0.774 -0.797 -0.275 -0.262  0.804 -0.725  0.171 -0.668 -0.424  0.809  0.134 -0.842  0.737  0.783  0.656  0.711  0.776  0.649 -0.274 -0.775
   13         germany  -0.343  0.294  0.369 -0.258 -0.186 -0.193  0.039  0.206 -0.273 -0.349  0.221  0.290  1.000  0.442  0.167 -0.065 -0.170 -0.276 -0.064  0.502 -0.207 -0.313 -0.345  0.356 -0.194 -0.216 -0.358 -0.345  0.250  0.463 -0.221  0.070  0.243  0.386  0.240  0.353  0.521  0.016 -0.392
   14          greece  -0.411  0.459  0.284 -0.328 -0.389 -0.310 -0.101  0.412 -0.264 -0.611  0.332  0.615  0.442  1.000  0.447  0.268 -0.253 -0.121 -0.189  0.567 -0.388 -0.543 -0.512  0.515 -0.426 -0.113 -0.347 -0.603  0.400  0.314 -0.434  0.385  0.469  0.593  0.320  0.438  0.791 -0.314 -0.496
   15         hungary  -0.758  0.964  0.562 -0.816 -0.830 -0.654 -0.651  0.965 -0.044 -0.290  0.767  0.805  0.167  0.447  1.000  0.456 -0.759 -0.227 -0.757  0.763 -0.756 -0.298 -0.320  0.910 -0.817  0.096 -0.735 -0.453  0.968  0.038 -0.815  0.943  0.942  0.543  0.845  0.932  0.584 -0.298 -0.739
   16         iceland  -0.331  0.350  0.207 -0.412 -0.528 -0.442 -0.592  0.355  0.601 -0.006  0.144  0.451 -0.065  0.268  0.456  1.000 -0.537  0.339 -0.604  0.270 -0.512  0.048  0.145  0.280 -0.510  0.517 -0.153 -0.036  0.483 -0.030 -0.534  0.346  0.313  0.491  0.234  0.338  0.086 -0.327 -0.231
   17           india   0.795 -0.695 -0.660  0.908  0.663  0.880  0.799 -0.736 -0.315 -0.092 -0.722 -0.732 -0.170 -0.253 -0.759 -0.537  1.000 -0.009  0.778 -0.615  0.803 -0.084 -0.093 -0.691  0.630 -0.422  0.711  0.056 -0.809 -0.058  0.834 -0.740 -0.662 -0.454 -0.755 -0.693 -0.286 -0.006  0.754
   18         ireland   0.210 -0.315 -0.160  0.146  0.076  0.029 -0.144 -0.300  0.679  0.282 -0.296 -0.107 -0.276 -0.121 -0.227  0.339 -0.009  1.000 -0.101 -0.338 -0.047  0.262  0.403 -0.335  0.113  0.433  0.434  0.360 -0.201 -0.096 -0.009 -0.287 -0.331 -0.006 -0.390 -0.339 -0.405  0.005  0.277
   19          israel   0.625 -0.688 -0.520  0.719  0.742  0.684  0.933 -0.732 -0.374 -0.035 -0.572 -0.640 -0.064 -0.189 -0.757 -0.604  0.778 -0.101  1.000 -0.510  0.749 -0.052 -0.080 -0.651  0.715 -0.458  0.543  0.070 -0.803  0.119  0.784 -0.740 -0.640 -0.438 -0.669 -0.678 -0.202  0.168  0.539
   20           italy  -0.767  0.793  0.702 -0.726 -0.677 -0.552 -0.398  0.749 -0.252 -0.444  0.761  0.774  0.502  0.567  0.763  0.270 -0.615 -0.338 -0.510  1.000 -0.625 -0.467 -0.482  0.894 -0.689 -0.112 -0.762 -0.568  0.758  0.194 -0.668  0.706  0.828  0.630  0.749  0.800  0.755 -0.150 -0.784
   21           japan   0.782 -0.695 -0.627  0.784  0.664  0.846  0.735 -0.706 -0.285  0.002 -0.643 -0.797 -0.207 -0.388 -0.756 -0.512  0.803 -0.047  0.749 -0.625  1.000 -0.002 -0.048 -0.683  0.629 -0.438  0.693  0.136 -0.784 -0.162  0.959 -0.686 -0.671 -0.559 -0.700 -0.681 -0.379  0.057  0.753
   22          latvia   0.109 -0.373 -0.043  0.037  0.259 -0.182 -0.196 -0.288  0.550  0.914 -0.129 -0.275 -0.313 -0.543 -0.298  0.048 -0.084  0.262 -0.052 -0.467 -0.002  1.000  0.859 -0.419  0.295  0.571  0.147  0.862 -0.235 -0.135  0.072 -0.233 -0.390 -0.398 -0.149 -0.391 -0.694  0.549  0.176
   23       lithuania   0.108 -0.414 -0.093  0.058  0.314 -0.188 -0.226 -0.329  0.639  0.835 -0.205 -0.262 -0.345 -0.512 -0.320  0.145 -0.093  0.403 -0.080 -0.482 -0.048  0.859  1.000 -0.471  0.356  0.584  0.209  0.843 -0.252 -0.149  0.055 -0.278 -0.438 -0.333 -0.203 -0.429 -0.740  0.437  0.158
   24      luxembourg  -0.782  0.940  0.681 -0.787 -0.807 -0.615 -0.525  0.905 -0.191 -0.411  0.819  0.804  0.356  0.515  0.910  0.280 -0.691 -0.335 -0.651  0.894 -0.683 -0.419 -0.471  1.000 -0.808 -0.076 -0.817 -0.549  0.905  0.156 -0.758  0.861  0.924  0.582  0.868  0.944  0.713 -0.251 -0.793
   25          mexico   0.593 -0.811 -0.478  0.648  0.991  0.493  0.596 -0.788 -0.010  0.343 -0.630 -0.725 -0.194 -0.426 -0.817 -0.510  0.630  0.113  0.715 -0.689  0.629  0.295  0.356 -0.808  1.000 -0.087  0.527  0.442 -0.828 -0.013  0.699 -0.764 -0.797 -0.578 -0.692 -0.803 -0.536  0.400  0.539
   26     netherlands  -0.219 -0.000  0.334 -0.284 -0.140 -0.485 -0.554  0.054  0.767  0.499  0.054  0.171 -0.216 -0.113  0.096  0.517 -0.422  0.433 -0.458 -0.112 -0.438  0.571  0.584 -0.076 -0.087  1.000 -0.063  0.443  0.148  0.043 -0.371  0.078 -0.004  0.092  0.057 -0.018 -0.333  0.138 -0.127
   27     new zealand   0.820 -0.761 -0.691  0.818  0.556  0.686  0.420 -0.764  0.134  0.108 -0.855 -0.668 -0.358 -0.347 -0.735 -0.153  0.711  0.434  0.543 -0.762  0.693  0.147  0.209 -0.817  0.527 -0.063  1.000  0.264 -0.749 -0.219  0.670 -0.741 -0.757 -0.371 -0.883 -0.766 -0.522 -0.064  0.864
   28          norway   0.245 -0.533 -0.216  0.222  0.408 -0.022 -0.085 -0.448  0.529  0.879 -0.251 -0.424 -0.345 -0.603 -0.453 -0.036  0.056  0.360  0.070 -0.568  0.136  0.862  0.843 -0.549  0.442  0.443  0.264  1.000 -0.389 -0.112  0.213 -0.400 -0.555 -0.432 -0.278 -0.537 -0.765  0.402  0.290
   29          poland  -0.772  0.958  0.591 -0.846 -0.846 -0.701 -0.704  0.967  0.010 -0.253  0.798  0.809  0.250  0.400  0.968  0.483 -0.809 -0.201 -0.803  0.758 -0.784 -0.235 -0.252  0.905 -0.828  0.148 -0.749 -0.389  1.000  0.003 -0.840  0.902  0.910  0.521  0.870  0.952  0.527 -0.274 -0.738
   30        portugal  -0.322  0.031  0.350 -0.162  0.005 -0.217  0.047 -0.036 -0.086 -0.082  0.138  0.134  0.463  0.314  0.038 -0.030 -0.058 -0.096  0.119  0.194 -0.162 -0.135 -0.149  0.156 -0.013  0.043 -0.219 -0.112  0.003  1.000 -0.143 -0.047  0.076  0.421  0.081  0.034  0.304  0.167 -0.380
   31   rep. of korea   0.750 -0.765 -0.648  0.820  0.732  0.850  0.778 -0.766 -0.244  0.073 -0.700 -0.842 -0.221 -0.434 -0.815 -0.534  0.834 -0.009  0.784 -0.668  0.959  0.072  0.055 -0.758  0.699 -0.371  0.670  0.213 -0.840 -0.143  1.000 -0.731 -0.745 -0.596 -0.747 -0.746 -0.459  0.124  0.766
   32        slovakia  -0.733  0.906  0.566 -0.783 -0.774 -0.607 -0.630  0.950 -0.041 -0.212  0.767  0.737  0.070  0.385  0.943  0.346 -0.740 -0.287 -0.740  0.706 -0.686 -0.233 -0.278  0.861 -0.764  0.078 -0.741 -0.400  0.902 -0.047 -0.731  1.000  0.899  0.478  0.846  0.878  0.507 -0.258 -0.694
   33        slovenia  -0.734  0.959  0.559 -0.746 -0.797 -0.590 -0.542  0.924 -0.166 -0.391  0.751  0.783  0.243  0.469  0.942  0.313 -0.662 -0.331 -0.640  0.828 -0.671 -0.390 -0.438  0.924 -0.797 -0.004 -0.757 -0.555  0.910  0.076 -0.745  0.899  1.000  0.526  0.831  0.918  0.677 -0.325 -0.747
   34           spain  -0.507  0.506  0.570 -0.497 -0.578 -0.424 -0.391  0.471 -0.003 -0.375  0.392  0.656  0.386  0.593  0.543  0.491 -0.454 -0.006 -0.438  0.630 -0.559 -0.398 -0.333  0.582 -0.578  0.092 -0.371 -0.432  0.521  0.421 -0.596  0.478  0.526  1.000  0.365  0.499  0.565 -0.207 -0.515
   35          sweden  -0.789  0.870  0.631 -0.859 -0.714 -0.716 -0.607  0.881 -0.016 -0.193  0.919  0.711  0.240  0.320  0.845  0.234 -0.755 -0.390 -0.669  0.749 -0.700 -0.149 -0.203  0.868 -0.692  0.057 -0.883 -0.278  0.870  0.081 -0.747  0.846  0.831  0.365  1.000  0.867  0.503 -0.080 -0.802
   36     switzerland  -0.740  0.984  0.538 -0.772 -0.805 -0.580 -0.549  0.960 -0.146 -0.375  0.800  0.776  0.353  0.438  0.932  0.338 -0.693 -0.339 -0.678  0.800 -0.681 -0.391 -0.429  0.944 -0.803 -0.018 -0.766 -0.537  0.952  0.034 -0.746  0.878  0.918  0.499  0.867  1.000  0.638 -0.295 -0.744
   37          turkey  -0.508  0.650  0.371 -0.416 -0.505 -0.247 -0.082  0.557 -0.480 -0.682  0.483  0.649  0.521  0.791  0.584  0.086 -0.286 -0.405 -0.202  0.755 -0.379 -0.694 -0.740  0.713 -0.536 -0.333 -0.522 -0.765  0.527  0.304 -0.459  0.507  0.677  0.565  0.503  0.638  1.000 -0.316 -0.601
   38  united kingdom  -0.023 -0.308 -0.022  0.020  0.387 -0.136  0.070 -0.270  0.028  0.500 -0.039 -0.274  0.016 -0.314 -0.298 -0.327 -0.006  0.005  0.168 -0.150  0.057  0.549  0.437 -0.251  0.400  0.138 -0.064  0.402 -0.274  0.167  0.124 -0.258 -0.325 -0.207 -0.080 -0.295 -0.316  1.000 -0.081
   39             usa   0.948 -0.748 -0.678  0.837  0.569  0.819  0.457 -0.734  0.070  0.153 -0.802 -0.775 -0.392 -0.496 -0.739 -0.231  0.754  0.277  0.539 -0.784  0.753  0.176  0.158 -0.793  0.539 -0.127  0.864  0.290 -0.738 -0.380  0.766 -0.694 -0.747 -0.515 -0.802 -0.744 -0.601 -0.081  1.000

Cronbach's Alpha = -0.946

Similarity matrix saved as dataset 2007_joinedrows-Sim-nrm-Sim

----------------------------------------
Running time:  00:00:01
Output generated:  07 Apr 20 14:44:21
UCINET 6.689 Copyright (c) 2002-19 Analytic Technologies

