SIMILARITIES
--------------------------------------------------------------------------------

Measure:                                CORRELATION
Variables are:                          COLUMNS
Input dataset:                          2013_joinedrows-nrm (C:\Users\Dhruval\Documents\UCINET data\2013_joinedrows-nrm)
Similarity matrix:                      2013_joinedrows-nrm-Sim (C:\Users\Dhruval\Documents\UCINET data\2013_joinedrows-nrm-Sim)


                            1      2      3      4      5      6      7      8      9     10     11     12     13     14     15     16     17     18     19     20     21     22     23     24     25     26     27     28     29     30     31     32     33     34     35     36     37     38     39
                       austra austri belgiu brazil canada  chile  china czechi denmar estoni finlan france german greece hungar icelan  india irelan israel  italy  japan latvia lithua luxemb mexico nether new ze norway poland portug rep. o slovak sloven  spain sweden switze turkey united    usa
                       ------ ------ ------ ------ ------ ------ ------ ------ ------ ------ ------ ------ ------ ------ ------ ------ ------ ------ ------ ------ ------ ------ ------ ------ ------ ------ ------ ------ ------ ------ ------ ------ ------ ------ ------ ------ ------ ------ ------
    1       australia   1.000 -0.371 -0.254  0.862 -0.022  0.363 -0.149 -0.405 -0.367 -0.349 -0.392 -0.308 -0.206 -0.337 -0.403 -0.363  0.045 -0.334 -0.428 -0.332  0.022 -0.354 -0.380 -0.400 -0.118 -0.125 -0.111 -0.188 -0.393 -0.409  0.084 -0.381 -0.376 -0.299 -0.411 -0.452 -0.249 -0.248  0.358
    2         austria  -0.371  1.000  0.137 -0.410 -0.492 -0.136 -0.151  0.879  0.504  0.452  0.624  0.532  0.014  0.464  0.673  0.488 -0.350  0.380  0.164  0.624 -0.157  0.457  0.430  0.583 -0.462  0.027  0.293 -0.052  0.894  0.507 -0.156  0.648  0.561  0.407  0.675  0.818  0.677  0.006 -0.254
    3         belgium  -0.254  0.137  1.000 -0.244 -0.151 -0.271 -0.010  0.057  0.037 -0.118  0.029  0.143  0.399 -0.107 -0.048 -0.097 -0.146 -0.041 -0.114  0.348 -0.090 -0.094 -0.093 -0.063 -0.195  0.084 -0.201  0.328  0.216 -0.013 -0.090 -0.071 -0.093  0.362  0.123  0.145 -0.070  0.513 -0.126
    4          brazil   0.862 -0.410 -0.244  1.000  0.099  0.387 -0.111 -0.464 -0.399 -0.417 -0.455 -0.268 -0.186 -0.400 -0.465 -0.429  0.023 -0.373 -0.425 -0.340  0.004 -0.421 -0.436 -0.472  0.005 -0.140 -0.142 -0.236 -0.421 -0.461 -0.142 -0.453 -0.446 -0.290 -0.456 -0.510 -0.274 -0.244  0.371
    5          canada  -0.022 -0.492 -0.151  0.099  1.000 -0.260  0.151 -0.560 -0.565 -0.547 -0.583 -0.256 -0.168 -0.544 -0.598 -0.560  0.190 -0.508 -0.289 -0.265 -0.102 -0.554 -0.461 -0.594  0.927 -0.093 -0.502 -0.159 -0.504 -0.532 -0.040 -0.564 -0.574 -0.322 -0.553 -0.586 -0.671  0.032 -0.115
    6           chile   0.363 -0.136 -0.271  0.387 -0.260  1.000 -0.075 -0.088 -0.015  0.086 -0.024 -0.247 -0.106  0.072  0.016  0.079  0.247  0.039  0.058 -0.204  0.580  0.077  0.029  0.043 -0.203 -0.280  0.241 -0.231 -0.168  0.004  0.323  0.016  0.060 -0.167 -0.065 -0.065  0.094 -0.349  0.128
    7           china  -0.149 -0.151 -0.010 -0.111  0.151 -0.075  1.000 -0.265 -0.417 -0.410 -0.319 -0.045  0.134 -0.390 -0.392 -0.411  0.588 -0.384  0.375  0.130  0.272 -0.417 -0.452 -0.385  0.224 -0.136 -0.383 -0.226 -0.246 -0.366  0.199 -0.373 -0.400 -0.192 -0.254 -0.218 -0.263 -0.150 -0.039
    8         czechia  -0.405  0.879  0.057 -0.464 -0.560 -0.088 -0.265  1.000  0.658  0.694  0.791  0.379 -0.008  0.669  0.860  0.722 -0.381  0.583  0.308  0.480 -0.172  0.698  0.672  0.789 -0.497 -0.029  0.503  0.004  0.833  0.708 -0.142  0.821  0.775  0.357  0.773  0.879  0.796 -0.000 -0.288
    9         denmark  -0.367  0.504  0.037 -0.399 -0.565 -0.015 -0.417  0.658  1.000  0.830  0.809  0.236 -0.085  0.799  0.835  0.840 -0.395  0.823  0.361  0.122 -0.189  0.838  0.824  0.830 -0.483  0.003  0.702  0.284  0.613  0.765 -0.143  0.770  0.822  0.393  0.651  0.681  0.737  0.042 -0.268
   10         estonia  -0.349  0.452 -0.118 -0.417 -0.547  0.086 -0.410  0.694  0.830  1.000  0.838  0.039 -0.114  0.943  0.944  0.995 -0.312  0.845  0.529 -0.013 -0.118  0.997  0.981  0.980 -0.432 -0.149  0.817  0.097  0.468  0.919 -0.042  0.914  0.985  0.286  0.665  0.703  0.835 -0.062 -0.252
   11         finland  -0.392  0.624  0.029 -0.455 -0.583 -0.024 -0.319  0.791  0.809  0.838  1.000  0.208  0.016  0.779  0.862  0.844 -0.340  0.688  0.409  0.219 -0.145  0.847  0.819  0.883 -0.511 -0.095  0.624  0.199  0.632  0.816 -0.110  0.837  0.858  0.277  0.791  0.776  0.800  0.056 -0.290
   12          france  -0.308  0.532  0.143 -0.268 -0.256 -0.247 -0.045  0.379  0.236  0.039  0.208  1.000  0.277  0.091  0.223  0.076 -0.197  0.188 -0.045  0.411 -0.177  0.048  0.034  0.138 -0.282  0.310 -0.029  0.032  0.533  0.185 -0.207  0.153  0.121  0.304  0.319  0.373  0.271  0.135 -0.232
   13         germany  -0.206  0.014  0.399 -0.186 -0.168 -0.106  0.134 -0.008 -0.085 -0.114  0.016  0.277  1.000 -0.090 -0.034 -0.100  0.065 -0.025  0.043  0.364  0.051 -0.109 -0.134 -0.046 -0.186 -0.027 -0.181 -0.015  0.058 -0.004 -0.018  0.007 -0.064  0.314  0.055  0.012  0.036  0.136 -0.167
   14          greece  -0.337  0.464 -0.107 -0.400 -0.544  0.072 -0.390  0.669  0.799  0.943  0.779  0.091 -0.090  1.000  0.908  0.945 -0.235  0.818  0.542  0.043 -0.129  0.941  0.923  0.932 -0.423 -0.148  0.775  0.070  0.469  0.882 -0.062  0.870  0.941  0.326  0.614  0.688  0.826 -0.084 -0.250
   15         hungary  -0.403  0.673 -0.048 -0.465 -0.598  0.016 -0.392  0.860  0.835  0.944  0.862  0.223 -0.034  0.908  1.000  0.957 -0.381  0.813  0.464  0.212 -0.158  0.944  0.925  0.974 -0.498 -0.119  0.752  0.045  0.685  0.902 -0.097  0.957  0.976  0.387  0.738  0.841  0.895 -0.067 -0.292
   16         iceland  -0.363  0.488 -0.097 -0.429 -0.560  0.079 -0.411  0.722  0.840  0.995  0.844  0.076 -0.100  0.945  0.957  1.000 -0.331  0.867  0.517  0.029 -0.128  0.993  0.977  0.986 -0.442 -0.151  0.823  0.082  0.505  0.924 -0.053  0.926  0.989  0.315  0.672  0.729  0.851 -0.070 -0.256
   17           india   0.045 -0.350 -0.146  0.023  0.190  0.247  0.588 -0.381 -0.395 -0.312 -0.340 -0.197  0.065 -0.235 -0.381 -0.331  1.000 -0.322  0.450 -0.126  0.514 -0.318 -0.350 -0.338  0.248 -0.258 -0.303 -0.184 -0.424 -0.333  0.426 -0.356 -0.338 -0.293 -0.316 -0.309 -0.249 -0.134 -0.110
   18         ireland  -0.334  0.380 -0.041 -0.373 -0.508  0.039 -0.384  0.583  0.823  0.845  0.688  0.188 -0.025  0.818  0.813  0.867 -0.322  1.000  0.423  0.054 -0.150  0.845  0.834  0.828 -0.415 -0.072  0.729  0.079  0.479  0.792 -0.093  0.769  0.834  0.403  0.565  0.622  0.728 -0.114 -0.245
   19          israel  -0.428  0.164 -0.114 -0.425 -0.289  0.058  0.375  0.308  0.361  0.529  0.409 -0.045  0.043  0.542  0.464  0.517  0.450  0.423  1.000  0.029  0.147  0.521  0.482  0.515 -0.104 -0.239  0.365 -0.094  0.106  0.482  0.174  0.458  0.510  0.059  0.295  0.362  0.495 -0.158 -0.350
   20           italy  -0.332  0.624  0.348 -0.340 -0.265 -0.204  0.130  0.480  0.122 -0.013  0.219  0.411  0.364  0.043  0.212  0.029 -0.126  0.054  0.029  1.000 -0.058 -0.009 -0.037  0.152 -0.254  0.030 -0.105 -0.150  0.645  0.193 -0.126  0.183  0.070  0.509  0.330  0.520  0.270  0.016 -0.209
   21           japan   0.022 -0.157 -0.090  0.004 -0.102  0.580  0.272 -0.172 -0.189 -0.118 -0.145 -0.177  0.051 -0.129 -0.158 -0.128  0.514 -0.150  0.147 -0.058  1.000 -0.126 -0.157 -0.133 -0.094 -0.193 -0.107 -0.172 -0.192 -0.168  0.611 -0.147 -0.134 -0.213 -0.106 -0.114 -0.145 -0.195  0.029
   22          latvia  -0.354  0.457 -0.094 -0.421 -0.554  0.077 -0.417  0.698  0.838  0.997  0.847  0.048 -0.109  0.941  0.944  0.993 -0.318  0.845  0.521 -0.009 -0.126  1.000  0.979  0.978 -0.441 -0.149  0.813  0.134  0.477  0.919 -0.050  0.915  0.983  0.287  0.676  0.706  0.834 -0.038 -0.255
   23       lithuania  -0.380  0.430 -0.093 -0.436 -0.461  0.029 -0.452  0.672  0.824  0.981  0.819  0.034 -0.134  0.923  0.925  0.977 -0.350  0.834  0.482 -0.037 -0.157  0.979  1.000  0.957 -0.360 -0.141  0.789  0.143  0.453  0.903 -0.071  0.895  0.965  0.287  0.647  0.675  0.792 -0.046 -0.278
   24      luxembourg  -0.400  0.583 -0.063 -0.472 -0.594  0.043 -0.385  0.789  0.830  0.980  0.883  0.138 -0.046  0.932  0.974  0.986 -0.338  0.828  0.515  0.152 -0.133  0.978  0.957  1.000 -0.483 -0.137  0.785  0.063  0.589  0.933 -0.066  0.943  0.988  0.359  0.726  0.797  0.886 -0.049 -0.276
   25          mexico  -0.118 -0.462 -0.195  0.005  0.927 -0.203  0.224 -0.497 -0.483 -0.432 -0.511 -0.282 -0.186 -0.423 -0.498 -0.442  0.248 -0.415 -0.104 -0.254 -0.094 -0.441 -0.360 -0.483  1.000 -0.147 -0.390 -0.171 -0.483 -0.409 -0.031 -0.465 -0.463 -0.315 -0.508 -0.512 -0.555 -0.016 -0.170
   26     netherlands  -0.125  0.027  0.084 -0.140 -0.093 -0.280 -0.136 -0.029  0.003 -0.149 -0.095  0.310 -0.027 -0.148 -0.119 -0.151 -0.258 -0.072 -0.239  0.030 -0.193 -0.149 -0.141 -0.137 -0.147  1.000 -0.187  0.352  0.094 -0.150 -0.189 -0.140 -0.151  0.052 -0.002 -0.054 -0.205  0.280 -0.053
   27     new zealand  -0.111  0.293 -0.201 -0.142 -0.502  0.241 -0.383  0.503  0.702  0.817  0.624 -0.029 -0.181  0.775  0.752  0.823 -0.303  0.729  0.365 -0.105 -0.107  0.813  0.789  0.785 -0.390 -0.187  1.000  0.003  0.314  0.720 -0.062  0.723  0.798  0.198  0.448  0.519  0.691 -0.179 -0.093
   28          norway  -0.188 -0.052  0.328 -0.236 -0.159 -0.231 -0.226  0.004  0.284  0.097  0.199  0.032 -0.015  0.070  0.045  0.082 -0.184  0.079 -0.094 -0.150 -0.172  0.134  0.143  0.063 -0.171  0.352  0.003  1.000  0.017  0.081 -0.135  0.046  0.071 -0.032  0.263 -0.016 -0.091  0.464 -0.063
   29          poland  -0.393  0.894  0.216 -0.421 -0.504 -0.168 -0.246  0.833  0.613  0.468  0.632  0.533  0.058  0.469  0.685  0.505 -0.424  0.479  0.106  0.645 -0.192  0.477  0.453  0.589 -0.483  0.094  0.314  0.017  1.000  0.522 -0.194  0.655  0.551  0.482  0.684  0.825  0.647  0.056 -0.280
   30        portugal  -0.409  0.507 -0.013 -0.461 -0.532  0.004 -0.366  0.708  0.765  0.919  0.816  0.185 -0.004  0.882  0.902  0.924 -0.333  0.792  0.482  0.193 -0.168  0.919  0.903  0.933 -0.409 -0.150  0.720  0.081  0.522  1.000 -0.100  0.870  0.924  0.350  0.673  0.729  0.834 -0.016 -0.293
   31   rep. of korea   0.084 -0.156 -0.090 -0.142 -0.040  0.323  0.199 -0.142 -0.143 -0.042 -0.110 -0.207 -0.018 -0.062 -0.097 -0.053  0.426 -0.093  0.174 -0.126  0.611 -0.050 -0.071 -0.066 -0.031 -0.189 -0.062 -0.135 -0.194 -0.100  1.000 -0.085 -0.062 -0.208 -0.101 -0.097 -0.153 -0.180 -0.056
   32        slovakia  -0.381  0.648 -0.071 -0.453 -0.564  0.016 -0.373  0.821  0.770  0.914  0.837  0.153  0.007  0.870  0.957  0.926 -0.356  0.769  0.458  0.183 -0.147  0.915  0.895  0.943 -0.465 -0.140  0.723  0.046  0.655  0.870 -0.085  1.000  0.950  0.320  0.710  0.782  0.854 -0.065 -0.287
   33        slovenia  -0.376  0.561 -0.093 -0.446 -0.574  0.060 -0.400  0.775  0.822  0.985  0.858  0.121 -0.064  0.941  0.976  0.989 -0.338  0.834  0.510  0.070 -0.134  0.983  0.965  0.988 -0.463 -0.151  0.798  0.071  0.551  0.924 -0.062  0.950  1.000  0.331  0.701  0.768  0.880 -0.067 -0.269
   34           spain  -0.299  0.407  0.362 -0.290 -0.322 -0.167 -0.192  0.357  0.393  0.286  0.277  0.304  0.314  0.326  0.387  0.315 -0.293  0.403  0.059  0.509 -0.213  0.287  0.287  0.359 -0.315  0.052  0.198 -0.032  0.482  0.350 -0.208  0.320  0.331  1.000  0.292  0.490  0.420  0.033 -0.220
   35          sweden  -0.411  0.675  0.123 -0.456 -0.553 -0.065 -0.254  0.773  0.651  0.665  0.791  0.319  0.055  0.614  0.738  0.672 -0.316  0.565  0.295  0.330 -0.106  0.676  0.647  0.726 -0.508 -0.002  0.448  0.263  0.684  0.673 -0.101  0.710  0.701  0.292  1.000  0.757  0.689  0.044 -0.288
   36     switzerland  -0.452  0.818  0.145 -0.510 -0.586 -0.065 -0.218  0.879  0.681  0.703  0.776  0.373  0.012  0.688  0.841  0.729 -0.309  0.622  0.362  0.520 -0.114  0.706  0.675  0.797 -0.512 -0.054  0.519 -0.016  0.825  0.729 -0.097  0.782  0.768  0.490  0.757  1.000  0.838 -0.032 -0.297
   37          turkey  -0.249  0.677 -0.070 -0.274 -0.671  0.094 -0.263  0.796  0.737  0.835  0.800  0.271  0.036  0.826  0.895  0.851 -0.249  0.728  0.495  0.270 -0.145  0.834  0.792  0.886 -0.555 -0.205  0.691 -0.091  0.647  0.834 -0.153  0.854  0.880  0.420  0.689  0.838  1.000 -0.173 -0.248
   38  united kingdom  -0.248  0.006  0.513 -0.244  0.032 -0.349 -0.150 -0.000  0.042 -0.062  0.056  0.135  0.136 -0.084 -0.067 -0.070 -0.134 -0.114 -0.158  0.016 -0.195 -0.038 -0.046 -0.049 -0.016  0.280 -0.179  0.464  0.056 -0.016 -0.180 -0.065 -0.067  0.033  0.044 -0.032 -0.173  1.000 -0.150
   39             usa   0.358 -0.254 -0.126  0.371 -0.115  0.128 -0.039 -0.288 -0.268 -0.252 -0.290 -0.232 -0.167 -0.250 -0.292 -0.256 -0.110 -0.245 -0.350 -0.209  0.029 -0.255 -0.278 -0.276 -0.170 -0.053 -0.093 -0.063 -0.280 -0.293 -0.056 -0.287 -0.269 -0.220 -0.288 -0.297 -0.248 -0.150  1.000

Cronbach's Alpha = 0.866

Similarity matrix saved as dataset 2013_joinedrows-nrm-Sim

----------------------------------------
Running time:  00:00:01
Output generated:  07 Apr 20 14:40:07
UCINET 6.689 Copyright (c) 2002-19 Analytic Technologies

