SIMILARITIES
--------------------------------------------------------------------------------

Measure:                                CORRELATION
Variables are:                          COLUMNS
Input dataset:                          1972_joinedrows (C:\Users\Dhruval\Documents\UCINET data\1972_joinedrows)
Similarity matrix:                      1972_joinedrows-corr (C:\Users\Dhruval\Documents\UCINET data\1972_joinedrows-corr)


                                1      2      3      4      5      6      7      8      9     10     11     12     13     14     15     16     17     18     19     20     21     22     23     24
                           austra austri belgiu canada denmar finlan france german greece icelan irelan israel  italy  japan nether norway portug  spain sweden switze turkey united    usa yugosl
                           ------ ------ ------ ------ ------ ------ ------ ------ ------ ------ ------ ------ ------ ------ ------ ------ ------ ------ ------ ------ ------ ------ ------ ------
    1           australia   1.000  0.053  0.039  0.278  0.233  0.123  0.025 -0.037  0.149  0.350  0.292  0.290  0.058  0.153  0.072  0.147  0.277  0.270  0.073  0.105  0.171 -0.000  0.381  0.085
    2             austria   0.053  1.000  0.671  0.039  0.437  0.585  0.751  0.142  0.791  0.244  0.172  0.357  0.679  0.075  0.654  0.651  0.570  0.484  0.527  0.756  0.601  0.312  0.154  0.766
    3  belgium-luxembourg   0.039  0.671  1.000  0.145  0.350  0.470  0.586  0.549  0.812  0.162  0.127  0.395  0.859  0.187  0.599  0.534  0.480  0.679  0.439  0.724  0.564  0.395  0.162  0.620
    4              canada   0.278  0.039  0.145  1.000  0.128  0.169  0.100  0.134  0.165  0.207  0.151  0.603  0.182  0.878  0.107  0.199  0.321  0.429  0.119  0.158  0.123  0.346 -0.014  0.114
    5             denmark   0.233  0.437  0.350  0.128  1.000  0.591  0.393  0.165  0.454  0.526  0.616  0.450  0.382  0.121  0.444  0.643  0.626  0.597  0.485  0.459  0.409  0.348  0.065  0.343
    6             finland   0.123  0.585  0.470  0.169  0.591  1.000  0.378  0.231  0.468  0.259  0.471  0.554  0.409  0.138  0.356  0.847  0.860  0.453  0.726  0.718  0.317  0.327  0.136  0.346
    7              france   0.025  0.751  0.586  0.100  0.393  0.378  1.000  0.380  0.781  0.215  0.108  0.446  0.659  0.152  0.841  0.509  0.449  0.518  0.366  0.648  0.659  0.405  0.147  0.739
    8             germany  -0.037  0.142  0.549  0.134  0.165  0.231  0.380  1.000  0.373  0.076  0.057  0.364  0.373  0.147  0.230  0.214  0.351  0.433  0.247  0.377  0.223  0.443  0.074  0.310
    9              greece   0.149  0.791  0.812  0.165  0.454  0.468  0.781  0.373  1.000  0.277  0.169  0.502  0.854  0.202  0.751  0.574  0.539  0.712  0.439  0.776  0.743  0.382  0.250  0.803
   10             iceland   0.350  0.244  0.162  0.207  0.526  0.259  0.215  0.076  0.277  1.000  0.343  0.413  0.224  0.243  0.264  0.355  0.549  0.495  0.259  0.304  0.248  0.220  0.021  0.298
   11             ireland   0.292  0.172  0.127  0.151  0.616  0.471  0.108  0.057  0.169  0.343  1.000  0.608  0.114  0.089  0.151  0.435  0.544  0.465  0.308  0.375  0.133 -0.060  0.103  0.066
   12              israel   0.290  0.357  0.395  0.603  0.450  0.554  0.446  0.364  0.502  0.413  0.608  1.000  0.436  0.591  0.433  0.566  0.750  0.655  0.389  0.619  0.373  0.394  0.188  0.332
   13               italy   0.058  0.679  0.859  0.182  0.382  0.409  0.659  0.373  0.854  0.224  0.114  0.436  1.000  0.217  0.802  0.510  0.477  0.773  0.385  0.707  0.720  0.367  0.144  0.582
   14               japan   0.153  0.075  0.187  0.878  0.121  0.138  0.152  0.147  0.202  0.243  0.089  0.591  0.217  1.000  0.132  0.234  0.300  0.390  0.092  0.170  0.100  0.493  0.083  0.166
   15         netherlands   0.072  0.654  0.599  0.107  0.444  0.356  0.841  0.230  0.751  0.264  0.151  0.433  0.802  0.132  1.000  0.495  0.437  0.678  0.364  0.631  0.750  0.323  0.139  0.580
   16              norway   0.147  0.651  0.534  0.199  0.643  0.847  0.509  0.214  0.574  0.355  0.435  0.566  0.510  0.234  0.495  1.000  0.796  0.540  0.504  0.726  0.391  0.430  0.269  0.458
   17            portugal   0.277  0.570  0.480  0.321  0.626  0.860  0.449  0.351  0.539  0.549  0.544  0.750  0.477  0.300  0.437  0.796  1.000  0.640  0.645  0.753  0.409  0.406  0.189  0.419
   18               spain   0.270  0.484  0.679  0.429  0.597  0.453  0.518  0.433  0.712  0.495  0.465  0.655  0.773  0.390  0.678  0.540  0.640  1.000  0.375  0.651  0.657  0.322  0.153  0.531
   19              sweden   0.073  0.527  0.439  0.119  0.485  0.726  0.366  0.247  0.439  0.259  0.308  0.389  0.385  0.092  0.364  0.504  0.645  0.375  1.000  0.582  0.358  0.421  0.108  0.323
   20         switzerland   0.105  0.756  0.724  0.158  0.459  0.718  0.648  0.377  0.776  0.304  0.375  0.619  0.707  0.170  0.631  0.726  0.753  0.651  0.582  1.000  0.527  0.346  0.187  0.708
   21              turkey   0.171  0.601  0.564  0.123  0.409  0.317  0.659  0.223  0.743  0.248  0.133  0.373  0.720  0.100  0.750  0.391  0.409  0.657  0.358  0.527  1.000  0.205  0.155  0.644
   22      united kingdom  -0.000  0.312  0.395  0.346  0.348  0.327  0.405  0.443  0.382  0.220 -0.060  0.394  0.367  0.493  0.323  0.430  0.406  0.322  0.421  0.346  0.205  1.000  0.312  0.281
   23                 usa   0.381  0.154  0.162 -0.014  0.065  0.136  0.147  0.074  0.250  0.021  0.103  0.188  0.144  0.083  0.139  0.269  0.189  0.153  0.108  0.187  0.155  0.312  1.000  0.141
   24          yugoslavia   0.085  0.766  0.620  0.114  0.343  0.346  0.739  0.310  0.803  0.298  0.066  0.332  0.582  0.166  0.580  0.458  0.419  0.531  0.323  0.708  0.644  0.281  0.141  1.000

Cronbach's Alpha = 0.937

Similarity matrix saved as dataset 1972_joinedrows-corr

----------------------------------------
Running time:  00:00:01
Output generated:  30 Mar 20 01:11:04
UCINET 6.689 Copyright (c) 2002-19 Analytic Technologies

