SIMILARITIES
--------------------------------------------------------------------------------

Measure:                                CORRELATION
Variables are:                          COLUMNS
Input dataset:                          2018_joinedrows (C:\Users\Dhruval\Documents\UCINET data\2018_joinedrows)
Similarity matrix:                      2018_joinedrows-Sim (C:\Users\Dhruval\Documents\UCINET data\2018_joinedrows-Sim)


                            1      2      3      4      5      6      7      8      9     10     11     12     13     14     15     16     17     18     19     20     21     22     23     24     25     26     27     28     29     30     31     32     33     34     35     36     37     38     39
                       austra austri belgiu brazil canada  chile  china czechi denmar estoni finlan france german greece hungar icelan  india irelan israel  italy  japan latvia lithua luxemb mexico nether new ze norway poland portug rep. o slovak sloven  spain sweden switze turkey united    usa
                       ------ ------ ------ ------ ------ ------ ------ ------ ------ ------ ------ ------ ------ ------ ------ ------ ------ ------ ------ ------ ------ ------ ------ ------ ------ ------ ------ ------ ------ ------ ------ ------ ------ ------ ------ ------ ------ ------ ------
    1       australia   1.000 -0.015 -0.041  0.858  0.095  0.629  0.003 -0.031 -0.002 -0.013  0.207 -0.014 -0.053  0.093 -0.059 -0.025  0.155 -0.015  0.005 -0.035  0.180  0.024 -0.039 -0.046  0.111 -0.020  0.401 -0.020 -0.049 -0.011  0.306 -0.064 -0.046  0.042 -0.016 -0.030  0.143  0.120  0.325
    2         austria  -0.015  1.000  0.449  0.045  0.024  0.073  0.289  0.913  0.433  0.115  0.705  0.698  0.253  0.397  0.871  0.343  0.230  0.086  0.162  0.776  0.148  0.227  0.179  0.839  0.052  0.324 -0.009  0.007  0.895  0.364  0.116  0.694  0.838  0.460  0.681  0.898  0.661  0.272  0.028
    3         belgium  -0.041  0.449  1.000  0.018  0.103  0.032  0.247  0.424  0.394  0.032  0.464  0.413  0.464  0.260  0.416  0.434  0.235  0.247  0.196  0.604  0.118  0.201  0.169  0.540  0.101  0.288 -0.023  0.287  0.523  0.401  0.126  0.247  0.356  0.579  0.466  0.557  0.428  0.529  0.033
    4          brazil   0.858  0.045  0.018  1.000  0.226  0.731  0.080  0.012  0.057  0.036  0.296  0.072  0.015  0.143 -0.007 -0.003  0.254  0.020  0.104  0.044  0.220  0.061  0.041 -0.002  0.207  0.014  0.436 -0.017  0.006  0.084  0.248 -0.038 -0.001  0.131  0.057  0.028  0.243  0.166  0.279
    5          canada   0.095  0.024  0.103  0.226  1.000  0.222  0.363 -0.001  0.033  0.012  0.141  0.092  0.075  0.169 -0.024  0.021  0.528  0.027  0.401  0.137  0.190 -0.019  0.303  0.016  0.781  0.025  0.113  0.093 -0.018  0.236  0.289 -0.034  0.001  0.140  0.083  0.078  0.238  0.289 -0.007
    6           chile   0.629  0.073  0.032  0.731  0.222  1.000  0.213  0.020  0.059  0.004  0.265  0.087  0.144  0.166  0.011  0.049  0.489  0.033  0.243  0.138  0.640  0.014 -0.029  0.037  0.360 -0.011  0.480 -0.032  0.022  0.090  0.432 -0.049  0.008  0.138  0.135  0.092  0.271  0.085  0.246
    7           china   0.003  0.289  0.247  0.080  0.363  0.213  1.000  0.237  0.108  0.014  0.362  0.285  0.352  0.336  0.194  0.125  0.835  0.021  0.874  0.419  0.425  0.040 -0.025  0.305  0.580  0.040  0.050 -0.010  0.180  0.309  0.462  0.136  0.241  0.219  0.293  0.373  0.547  0.214  0.089
    8         czechia  -0.031  0.913  0.424  0.012 -0.001  0.020  0.237  1.000  0.394  0.136  0.722  0.632  0.274  0.303  0.894  0.372  0.162  0.065  0.103  0.753  0.087  0.256  0.173  0.843  0.012  0.301 -0.036  0.019  0.826  0.353  0.065  0.690  0.825  0.389  0.688  0.865  0.609  0.251  0.009
    9         denmark  -0.002  0.433  0.394  0.057  0.033  0.059  0.108  0.394  1.000  0.141  0.457  0.501  0.230  0.322  0.455  0.308  0.097  0.495  0.043  0.470  0.024  0.303  0.301  0.383  0.036  0.414  0.157  0.172  0.615  0.255 -0.012  0.201  0.251  0.485  0.382  0.475  0.395  0.184 -0.008
   10         estonia  -0.013  0.115  0.032  0.036  0.012  0.004  0.014  0.136  0.141  1.000  0.254  0.047  0.035 -0.024  0.082  0.034  0.008 -0.016  0.014  0.076 -0.009  0.465  0.415  0.167 -0.012  0.000 -0.026 -0.011  0.145  0.045 -0.030  0.061  0.069  0.001  0.290  0.099  0.059  0.019 -0.098
   11         finland   0.207  0.705  0.464  0.296  0.141  0.265  0.362  0.722  0.457  0.254  1.000  0.557  0.317  0.243  0.602  0.479  0.338  0.044  0.240  0.633  0.204  0.395  0.207  0.792  0.143  0.272  0.071  0.196  0.636  0.400  0.179  0.460  0.586  0.332  0.679  0.678  0.623  0.396  0.081
   12          france  -0.014  0.698  0.413  0.072  0.092  0.087  0.285  0.632  0.501  0.047  0.557  1.000  0.414  0.480  0.684  0.323  0.307  0.293  0.211  0.610  0.128  0.182  0.206  0.655  0.128  0.512  0.069  0.129  0.687  0.550  0.113  0.407  0.634  0.460  0.567  0.631  0.655  0.363  0.002
   13         germany  -0.053  0.253  0.464  0.015  0.075  0.144  0.352  0.274  0.230  0.035  0.317  0.414  1.000  0.295  0.412  0.373  0.405  0.187  0.339  0.519  0.269  0.129  0.088  0.433  0.146  0.127 -0.013  0.015  0.269  0.413  0.222  0.420  0.393  0.463  0.333  0.254  0.484  0.223 -0.058
   14          greece   0.093  0.397  0.260  0.143  0.169  0.166  0.336  0.303  0.322 -0.024  0.243  0.480  0.295  1.000  0.412  0.169  0.471  0.183  0.374  0.396  0.127  0.076  0.126  0.294  0.309  0.199  0.080  0.012  0.384  0.290  0.109  0.193  0.411  0.441  0.245  0.408  0.502  0.175  0.026
   15         hungary  -0.059  0.871  0.416 -0.007 -0.024  0.011  0.194  0.894  0.455  0.082  0.602  0.684  0.412  0.412  1.000  0.365  0.140  0.147  0.074  0.743  0.083  0.213  0.206  0.774 -0.012  0.298 -0.034 -0.011  0.854  0.360  0.051  0.725  0.869  0.495  0.615  0.839  0.604  0.212 -0.028
   16         iceland  -0.025  0.343  0.434 -0.003  0.021  0.049  0.125  0.372  0.308  0.034  0.479  0.323  0.373  0.169  0.365  1.000  0.081  0.173  0.023  0.413  0.014  0.121  0.086  0.566  0.101  0.121  0.126  0.041  0.399  0.232  0.003  0.263  0.294  0.295  0.334  0.378  0.312  0.162  0.002
   17           india   0.155  0.230  0.235  0.254  0.528  0.489  0.835  0.162  0.097  0.008  0.338  0.307  0.405  0.471  0.140  0.081  1.000  0.045  0.895  0.392  0.647  0.036  0.038  0.243  0.721  0.061  0.117  0.042  0.133  0.312  0.613  0.067  0.184  0.256  0.300  0.317  0.568  0.284  0.070
   18         ireland  -0.015  0.086  0.247  0.020  0.027  0.033  0.021  0.065  0.495 -0.016  0.044  0.293  0.187  0.183  0.147  0.173  0.045  1.000  0.019  0.203 -0.010  0.119  0.133  0.069  0.039  0.231  0.213  0.094  0.273  0.121 -0.029  0.000  0.026  0.303  0.092  0.157  0.135  0.010 -0.009
   19          israel   0.005  0.162  0.196  0.104  0.401  0.243  0.874  0.103  0.043  0.014  0.240  0.211  0.339  0.374  0.074  0.023  0.895  0.019  1.000  0.322  0.418  0.025 -0.014  0.174  0.624  0.030  0.014  0.002  0.067  0.242  0.442  0.038  0.120  0.170  0.202  0.260  0.473  0.211 -0.017
   20           italy  -0.035  0.776  0.604  0.044  0.137  0.138  0.419  0.753  0.470  0.076  0.633  0.610  0.519  0.396  0.743  0.413  0.392  0.203  0.322  1.000  0.235  0.202  0.162  0.855  0.218  0.312  0.017  0.034  0.791  0.650  0.192  0.560  0.596  0.646  0.595  0.836  0.671  0.344  0.021
   21           japan   0.180  0.148  0.118  0.220  0.190  0.640  0.425  0.087  0.024 -0.009  0.204  0.128  0.269  0.127  0.083  0.014  0.647 -0.010  0.418  0.235  1.000 -0.003 -0.024  0.144  0.273 -0.008  0.093 -0.017  0.078  0.109  0.724  0.018  0.087  0.100  0.251  0.184  0.250  0.152  0.170
   22          latvia   0.024  0.227  0.201  0.061 -0.019  0.014  0.040  0.256  0.303  0.465  0.395  0.182  0.129  0.076  0.213  0.121  0.036  0.119  0.025  0.202 -0.003  1.000  0.151  0.237 -0.021  0.084 -0.034  0.098  0.288  0.124 -0.030  0.159  0.146  0.111  0.392  0.210  0.181  0.157 -0.067
   23       lithuania  -0.039  0.179  0.169  0.041  0.303 -0.029 -0.025  0.173  0.301  0.415  0.207  0.206  0.088  0.126  0.206  0.086  0.038  0.133 -0.014  0.162 -0.024  0.151  1.000  0.154  0.122  0.136 -0.042  0.101  0.230  0.118 -0.009  0.106  0.106  0.187  0.188  0.158  0.120  0.136 -0.095
   24      luxembourg  -0.046  0.839  0.540 -0.002  0.016  0.037  0.305  0.843  0.383  0.167  0.792  0.655  0.433  0.294  0.774  0.566  0.243  0.069  0.174  0.855  0.144  0.237  0.154  1.000  0.041  0.292 -0.039  0.025  0.805  0.498  0.116  0.589  0.710  0.497  0.683  0.834  0.656  0.324  0.029
   25          mexico   0.111  0.052  0.101  0.207  0.781  0.360  0.580  0.012  0.036 -0.012  0.143  0.128  0.146  0.309 -0.012  0.101  0.721  0.039  0.624  0.218  0.273 -0.021  0.122  0.041  1.000  0.009  0.189  0.058  0.005  0.225  0.327 -0.030  0.020  0.141  0.090  0.159  0.352  0.246  0.008
   26     netherlands  -0.020  0.324  0.288  0.014  0.025 -0.011  0.040  0.301  0.414  0.000  0.272  0.512  0.127  0.199  0.298  0.121  0.061  0.231  0.030  0.312 -0.008  0.084  0.136  0.292  0.009  1.000  0.041  0.335  0.411  0.170 -0.011  0.137  0.192  0.320  0.324  0.358  0.234  0.345  0.019
   27     new zealand   0.401 -0.009 -0.023  0.436  0.113  0.480  0.050 -0.036  0.157 -0.026  0.071  0.069 -0.013  0.080 -0.034  0.126  0.117  0.213  0.014  0.017  0.093 -0.034 -0.042 -0.039  0.189  0.041  1.000 -0.018 -0.002 -0.019  0.069 -0.069 -0.048  0.090 -0.051  0.030  0.089  0.007  0.164
   28          norway  -0.020  0.007  0.287 -0.017  0.093 -0.032 -0.010  0.019  0.172 -0.011  0.196  0.129  0.015  0.012 -0.011  0.041  0.042  0.094  0.002  0.034 -0.017  0.098  0.101  0.025  0.058  0.335 -0.018  1.000  0.045  0.046 -0.003 -0.023 -0.014  0.041  0.265  0.028  0.002  0.283  0.047
   29          poland  -0.049  0.895  0.523  0.006 -0.018  0.022  0.180  0.826  0.615  0.145  0.636  0.687  0.269  0.384  0.854  0.399  0.133  0.273  0.067  0.791  0.078  0.288  0.230  0.805  0.005  0.411 -0.002  0.045  1.000  0.373  0.042  0.656  0.711  0.543  0.628  0.872  0.594  0.295 -0.011
   30        portugal  -0.011  0.364  0.401  0.084  0.236  0.090  0.309  0.353  0.255  0.045  0.400  0.550  0.413  0.290  0.360  0.232  0.312  0.121  0.242  0.650  0.109  0.124  0.118  0.498  0.225  0.170 -0.019  0.046  0.373  1.000  0.117  0.221  0.322  0.381  0.391  0.395  0.521  0.314  0.000
   31   rep. of korea   0.306  0.116  0.126  0.248  0.289  0.432  0.462  0.065 -0.012 -0.030  0.179  0.113  0.222  0.109  0.051  0.003  0.613 -0.029  0.442  0.192  0.724 -0.030 -0.009  0.116  0.327 -0.011  0.069 -0.003  0.042  0.117  1.000  0.005  0.076  0.077  0.195  0.158  0.230  0.275  0.207
   32        slovakia  -0.064  0.694  0.247 -0.038 -0.034 -0.049  0.136  0.690  0.201  0.061  0.460  0.407  0.420  0.193  0.725  0.263  0.067  0.000  0.038  0.560  0.018  0.159  0.106  0.589 -0.030  0.137 -0.069 -0.023  0.656  0.221  0.005  1.000  0.718  0.236  0.459  0.584  0.421  0.124 -0.062
   33        slovenia  -0.046  0.838  0.356 -0.001  0.001  0.008  0.241  0.825  0.251  0.069  0.586  0.634  0.393  0.411  0.869  0.294  0.184  0.026  0.120  0.596  0.087  0.146  0.106  0.710  0.020  0.192 -0.048 -0.014  0.711  0.322  0.076  0.718  1.000  0.391  0.599  0.765  0.621  0.210 -0.016
   34           spain   0.042  0.460  0.579  0.131  0.140  0.138  0.219  0.389  0.485  0.001  0.332  0.460  0.463  0.441  0.495  0.295  0.256  0.303  0.170  0.646  0.100  0.111  0.187  0.497  0.141  0.320  0.090  0.041  0.543  0.381  0.077  0.236  0.391  1.000  0.352  0.572  0.513  0.292  0.020
   35          sweden  -0.016  0.681  0.466  0.057  0.083  0.135  0.293  0.688  0.382  0.290  0.679  0.567  0.333  0.245  0.615  0.334  0.300  0.092  0.202  0.595  0.251  0.392  0.188  0.683  0.090  0.324 -0.051  0.265  0.628  0.391  0.195  0.459  0.599  0.352  1.000  0.665  0.542  0.341  0.014
   36     switzerland  -0.030  0.898  0.557  0.028  0.078  0.092  0.373  0.865  0.475  0.099  0.678  0.631  0.254  0.408  0.839  0.378  0.317  0.157  0.260  0.836  0.184  0.210  0.158  0.834  0.159  0.358  0.030  0.028  0.872  0.395  0.158  0.584  0.765  0.572  0.665  1.000  0.692  0.313  0.040
   37          turkey   0.143  0.661  0.428  0.243  0.238  0.271  0.547  0.609  0.395  0.059  0.623  0.655  0.484  0.502  0.604  0.312  0.568  0.135  0.473  0.671  0.250  0.181  0.120  0.656  0.352  0.234  0.089  0.002  0.594  0.521  0.230  0.421  0.621  0.513  0.542  0.692  1.000  0.292  0.068
   38  united kingdom   0.120  0.272  0.529  0.166  0.289  0.085  0.214  0.251  0.184  0.019  0.396  0.363  0.223  0.175  0.212  0.162  0.284  0.010  0.211  0.344  0.152  0.157  0.136  0.324  0.246  0.345  0.007  0.283  0.295  0.314  0.275  0.124  0.210  0.292  0.341  0.313  0.292  1.000  0.076
   39             usa   0.325  0.028  0.033  0.279 -0.007  0.246  0.089  0.009 -0.008 -0.098  0.081  0.002 -0.058  0.026 -0.028  0.002  0.070 -0.009 -0.017  0.021  0.170 -0.067 -0.095  0.029  0.008  0.019  0.164  0.047 -0.011  0.000  0.207 -0.062 -0.016  0.020  0.014  0.040  0.068  0.076  1.000

Cronbach's Alpha = 0.925

Similarity matrix saved as dataset 2018_joinedrows-Sim

----------------------------------------
Running time:  00:00:01
Output generated:  30 Mar 20 12:48:36
UCINET 6.689 Copyright (c) 2002-19 Analytic Technologies

